00000001111111111111111111000000
00000001111111111111111111000000
00000001111111111111111111000000
11111111111111111111111111000000
11111111111111111111111111000000
11111111111111111111111111000000
11111110000000001111111111000000
11111110000000001111111111000000
00000000000000001111111111000000
00000000000000001111111111000000
00000000000000001111111111000000
00000000000001111111111111000000
00000000000001111111111111000000
00000000000001111111111111000000
00000000001111111111111111111111
00000000001111111111111111111111
00000000001111111111111111111111
00000000001111111111111111111111
00000000001111111111111111111111
00000000000000000000111111111111
00000000000000000000111111111111
00000000000000000000111111111111
00000000000000000000000111111111
00000000000000000000000111111111
00000000000000000000000111111111
00000000000000000000000111111111
00000000000000000000000111111111
00001111110000000000111111111000
00001111110000000000111111111000
00001111110000000000111111111000
00001111110000001111111111000000
00001111110000001111111111000000
