00000000000111111111110000000000
00000000000111111111110000000000
00000000000111111111110000000000
00001111111111111111111110000000
00001111111111111111111110000000
00001111111111111111111110000000
11111111111000000011111110000000
11111111111000000011111110000000
11111111111000000011111110000000
11111111000000000011111110000000
11111111000000000011111110000000
11111111000000000011111110000000
00000000000000011111111110000000
00000000000000011111111110000000
00000000000000011111111110000000
00000000000111111111111110000000
00000000000111111111111110000000
00000000000111111111111110000000
00000000111111111111111111111000
00000000111111111111111111111000
00000000111111111111111111111000
00000000111111100000001111111111
00000000111111100000001111111111
00000000111111100000001111111111
00000000000000000000001111111111
00000000000000000000001111111111
00000000000000000000001111111111
00000000000000000011111111111000
00000000000000000011111111111000
00000000000000000011111111111000
00000000111111111111111111111000
00000000111111111111111111111000
