00000001111111111111111000000000
00000001111111111111111000000000
00000001111111111111111000000000
00000001111111111111111111000000
00000001111111111111111111000000
00000001111111111111111111000000
00000000000000001111111111111000
00000000000000001111111111111000
00000000000000000000111111111000
00000000000000000000111111111000
00000000000000000000111111111000
00000000000000000000111111111000
00000000000000000000111111111000
00000000000000000000111111111000
00000001111111111111111111111111
00000001111111111111111111111111
00000001111111111111111111111111
00000001111111111111111111111111
00000001111111111111111111111111
00000000001111111111111111111111
00000000001111111111111111111111
00000000001111111111111111111111
00000000000000001111111111111111
00000000000000001111111111111111
00000000000000001111111111111111
00000000000000001111111111111111
00000000000000001111111111111111
11111111111111111111111111111111
11111111111111111111111111111111
11111111111111111111111111111111
11111111111111111111111000000000
11111111111111111111111000000000
