00000000000111111111110000000000
00000000000111111111110000000000
00000000000111111111110000000000
00000000000111111111110000000000
00000000000111111111110000000000
00000000000111111111111111100000
00000000000111111111111111100000
00000011111111111111111111100000
00000011111111111111111111100000
00000011111111111111111111100000
11111111111111111111111111100000
11111111111111111111111111100000
11111111111111111111111111100000
11111111111111111111111111100000
11111100000000001111111111111111
11111100000000001111111111111111
11111100000000001111111111111111
11111100000000001111111111111111
11111100000000001111111111111111
11111100000000001111111111111111
11111100000000001111111111111111
11111111111000001111111111111111
11111111111000001111111111111111
11111111111111111111111111111111
11111111111111111111111111111111
11111111111111111111111111111111
11111111111111111111111111100000
11111111111111111111111111100000
11111100000000000000000000000000
11111100000000000000000000000000
11111100000000000000000000000000
11111100000000000000000000000000
