00000000000000000001110000000000
00000000000000000001110000000000
00000000000000000001111100000000
00000000000000000001111100000000
00000000000000001111111100000000
00000000000000001111111100000000
00000000000000001111111100000000
00000000000000001111111100000000
00000000000000001111110000000000
00000000000000001111110000000000
00000000000000001111110000000000
00000000000000001111110000000000
00000000000000001111110000000000
00000000000000001111110000000000
00000000111111111111110000000000
00000000111111111111110000000000
00000011111111111111110000000000
00011111000000111111110000000000
00011111000000111111110000000000
11111100000000111111110000000000
11111100000000111111110000000000
11111100000111111111110000000000
11111100000111111111110000000000
11111100000111111111110000000000
11111100000111111111110000000000
11111100111111111111111111111100
11111100111111111111111111111100
11100011111111001111111111111100
11100011111111001111111111111100
11111111111000000001111111100000
11111111111000000001111111100000
11111111000000000000000000000000
