00000000000000000000000111111000
00000000000000000000000111111000
00000000000000000000000111111000
00000000000000000000000111111111
00000000000000000000000111111111
00000000000000000000000111111111
00000000000001111111000111111111
00000000000001111111000111111111
00000000000001111111000111111111
00000001111111111111111111111111
00000001111111111111111111111111
00000001111111111111111111111111
00000001111111111111111111111111
00000001111111111111111111111111
00000001111111111111111111111111
00001111111110000000111111111111
00001111111110000000111111111111
00001111111110000000111111111111
00001111110000000000000111111111
00001111110000000000000111111111
00001111110000000000000111111111
00001111110000000000000111111111
00001111110000000000000111111111
00001111110000000000000111111111
00001111111111111111111111111111
00001111111111111111111111111111
00001111111111111111111111111111
00001111111111111111111111111111
00001111111111111111111111111111
00001111111111111111111111111111
00000001111111111111111111111000
00000001111111111111111111111000
