00000000000000011100000000000000
00000000000000011100000000000000
00000000000000011100000000000000
00000000000000011100000000000000
00001111111111111111111110000000
00001111111111111111111110000000
00001111111111111111111110000000
00001111111111111111111110000000
00001111111000000011111111111000
00001111111000000011111111111000
00001111111000000011111111111000
11111111111111111111111111111000
11111111111111111111111111111000
11111111111111111111111111111000
11111111111111111111111111111000
11111111111111111111111110000000
11111111111111111111111110000000
11111111111111111111111110000000
11111111111000000000000000000000
11111111111000000000000000000000
11111111111000000000000000000000
11111111111000000000000000000000
00001111111000000000000001111000
00001111111000000000000001111000
00001111111000000000000001111000
00001111111111100000001111111000
00001111111111100000001111111000
00001111111111100000001111111000
00001111111111100000001111111000
00000000111111111111111110000000
00000000111111111111111110000000
00000000111111111111111110000000
