00000000111111111111111110000000
00000000111111111111111110000000
00000000111111111111111110000000
00000000111111111111111110000000
00001111111111111111111110000000
00001111111111111111111110000000
00001111111111111111111110000000
00001111111111111111111110000000
00001111111111100011111111111000
00001111111111100011111111111000
00001111111111100011111111111000
11111111111111111111111111111000
11111111111111111111111111111000
11111111111111111111111111111000
11111111111111111111111111111000
11111111111111111111111111111000
11111111111111111111111111111000
11111111111111111111111111111000
11111111111111111111111110000000
11111111111111111111111110000000
11111111111111111111111110000000
11111111111111111111111110000000
11111111111111111111110000000000
11111111111111111111110000000000
11111111111111111111110000000000
00001111111111111111111110000000
00001111111111111111111110000000
00001111111111111111111110000000
00001111111111111111111110000000
00000000111111111111110000000000
00000000111111111111110000000000
00000000111111111111110000000000
