00000000000000011111111100000000
00000000000000011111111100000000
00000000000000011111111100000000
00000000000011111111111111100000
00000000000011111111111111100000
00000000000011111111111111100000
00000000011111111111111111100000
00000000011111111111111111100000
00000011111111100011111111100000
00000011111111100011111111100000
00000011111111100011111111100000
00000011111111111111111100000000
00000011111111111111111100000000
00000011111111111111111100000000
00011111111111111111100000000000
00011111111111111111100000000000
00011111111111111100000000000000
00011111111111111100000000000000
00011111111111111100000000000000
00011111111111100000000000011100
00011111111111100000000000011100
00011111111111100000000000011100
00011111111100000000011111111100
00011111111100000000011111111100
00011111111111111111111111111100
00011111111111111111111111111100
00011111111111111111111111111100
00000011111111111111111111100000
00000011111111111111111111100000
00000011111111111111111111100000
00000000011111111100000000000000
00000000011111111100000000000000
