00000000000000000000000111111111
00000000000000000000000111111111
00000000000000000000000111111111
00000000000000000001111111111111
00000000000000000001111111111111
00000000000000111111111111110000
00000000000000111111111111110000
00000000000000111111111111110000
00000000000000111111111111110000
00000000000000111111111111110000
00000000000000111111111111110000
00000000000000111111111111110000
00000000001111111111111111110000
00000000001111111111111111110000
00000000001111111111111111111111
00000000001111111111111111111111
00000000001111111111111000001111
00000000001111111111111000001111
00000000001111111111111000001111
00000000001111111110000000000000
00000000001111111110000000000000
00000000001111111110000000000000
00000000001111111110000000000000
00000111111111111110000000000000
00000111111111111110000000000000
00000111111111111110000000000000
00000111111111000000000000000000
00000111111111000000000000000000
00000111111111000000000000000000
00000111111111000000000000000000
00000111111111000000000000000000
00000111111111000000000000000000
