00001111110000000000000000000000
00001111110000000000000000000000
00001111110000000000000000000000
00001111110000000000000000000000
00001111110000000000000000000000
00001111110000000000000000000000
00001111110000000000000000000000
00001111110000000000000000000000
00001111110000000000000000000000
00001111110000000000000000000000
00001111110000000000000000000000
00001111110000000000000000000000
00001111110000000000000000000000
00001111110000001111111000000000
00001111110000001111111000000000
00001110000001111111111000000000
00001110000001111111111000000000
00001110000001111111111000000000
00001110001111110000111111000000
00001110001111110000111111000000
00001111111110000000111111000000
00001111111110000000111111000000
00001111111110000000111111000000
00001111111110000000111111000000
00001111111110000000111111000000
00001111110000000000000111111000
00001111110000000000000111111000
00001111110000000000000111111000
00001111110000000000000111111000
00001111110000000000000111111000
00001110000000000000000000000000
00001110000000000000000000000000
