00001111111000000000000000000000
00001111111000000000000000000000
00001111111000000000000000000000
00001111111000000000000000000000
00001111111000000000000000000000
00001111111000000000000000000000
00001111111000000000000000000000
11111111111111111111110000000000
11111111111111111111110000000000
11111111111111111111110000000000
11111111111111111111111110000000
11111111111111111111111110000000
11111111111000000011111111111000
11111111111000000011111111111000
11111111111000000011111111111000
11111111111000000011111111111000
11111111000000000011111111111000
11111111000000000011111111111000
11111111000000000011111111111000
11111111000000000011111111111000
11111111000000000011111111111000
11111111000000000011111110000000
11111111000000000011111110000000
11111111000000000011111110000000
11111111000000000011111110000000
11111111000000000011111110000000
11111111000000000011111110000000
11111111000000000011111110000000
11110000000000000011111110000000
11110000000000000011111110000000
11110000000000000000000000000000
11110000000000000000000000000000
