00001111111100000000000000000000
00001111111100000000000000000000
00001111111100000000000000000000
00001111111100000000000000000000
00001111111100000000000000000000
00001111111100000000000000000000
00001111111100000000000000000000
00001111111100000000000000000000
00001111111111110000000000000000
00001111111111110000000000000000
00001111111111111111111111110000
00001111111111111111111111110000
00001111111111111111111111110000
00001111111111111111111111111111
00001111111111111111111111111111
00001111111100000000000011111111
00001111111100000000000011111111
00001111111100000000000011111111
00001111111100000000000011111111
00001111111100000000000011111111
00001111111100000000000011111111
00001111111100000000000011111111
00001111111100000000000011111111
00001111111100000000000011111111
00001111111100000000000011111111
00001111111100000000000011111111
00001111111100000000000011111111
00001111111100000000000011111111
00000000000000000000000011111111
00000000000000000000000011111111
00000000000000000000000000001111
00000000000000000000000000001111
