00001111110000000000000000000000
00001111110000000000000000000000
00001111110000000000000000000000
00001111110000000000000000000000
00001111110000000000000000000000
00001111110000000000000000000000
00001111110000001111000000000000
00001111110000001111000000000000
00001111111111111111111111000000
00001111111111111111111111000000
00001111111111111111111111000000
00001111111111111111111111000000
00001111111111111111111111000000
00001111111111111111111111000000
00001111111110000000111111111000
00001111111110000000111111111000
00001111111110000000000111111000
00001111111110000000000111111000
00001111111110000000000111111000
00001111111110000000000111111000
00001111111110000000000111111000
00001111111110000000000111111000
00001111111110000000000111111000
00001111111110000000000111111000
00001111111110000000000111111000
00001111111110000000000111111000
00001111111110000000000111111000
00000001111110000000000000111000
00000001111110000000000000111000
00000001111110000000000000111000
00000001111110000000000000000000
00000001111110000000000000000000
