00000000000000001111111100000000
00000000000000001111111100000000
00000000000000001111111100000000
00000000000000000000000000000000
00000000000000000000000000000000
00000000000000000000000000000000
00000000000000000000000000000000
00000000000000000000000000000000
00000000000000000000000000000000
00000000000000001111111100000000
00000000000000001111111100000000
00000000000000001111111100000000
00000000000000001111111100000000
00000000000000001111111100000000
00000000000000001111111100000000
00000000000000001111111100000000
00000000000000001111111100000000
00000000000000001111111100000000
00000000000000001111111111110000
00000000000000001111111111110000
00000000000000001111111111110000
00000000000000001111111111110000
00000000000000001111111111110000
00000000000000001111111111110000
00000000000000000000111111110000
00000000000000000000111111110000
00000000000000000000111111110000
00000000000000000000111111110000
00000000000000000000111111110000
00000000000000000000111111110000
00000000000000000000111111110000
00000000000000000000111111110000
