00011111111000000000000000011100
00011111111000000000000000011100
00011111111000000000000000011100
00000011111111000000001111111111
00000011111111000000001111111111
00000011111000000000001111111100
00000011111000000000001111111100
00000011111000000000001111111100
00000011111000000001111100000000
00000011111000000001111100000000
00000011111111111111110000000000
00000011111111111111110000000000
00000011111111111111110000000000
00000011111111111110000000000000
00000011111111111110000000000000
00000011111111111111110000000000
00000011111111111111110000000000
00000011111111111111110000000000
00000011111111111111111100000000
00000011111111111111111100000000
00000011111111001111111111100000
00000011111111001111111111100000
00000011111111001111111111100000
00000011111111000001111111111100
00000011111111000001111111111100
00000011111111000000001111111111
00000011111111000000001111111111
00000011111111000000001111111111
00000011111111000000000011111111
00000011111111000000000011111111
00000000000111000000000000000000
00000000000111000000000000000000
