00000000000000000000000000000011
00000000000000000000000000000011
00000000000000000000000000000011
00000000000000000000000000000011
00000000001111100000000000001111
00000000001111100000000000001111
00000000111111100000000000001111
00000000111111100000000000001111
00000000111111100000000111111111
00000000111111100000000111111111
00000000111111100000111111111100
00000000111111100000111111111100
00000000111111111111111110000000
00000000111111111111111110000000
00000111111111111111111000000000
00000111111111111111111000000000
00000111111111111111111000000000
00000111111111111111111000000000
00000111111111111111111000000000
00000111111111111111111000000000
00011111111110011111111110000000
00011111111110011111111110000000
00011111110000000011111110000000
00011111110000000011111110000000
00011111110000000011111110000000
00011111110000000011111110000000
00011111000000000000111111110000
00011111000000000000111111110000
00000000000000000000111111110000
00000000000000000000111111110000
00000000000000000000000111111100
00000000000000000000000111111100
