00000000000011000000000000000000
00000000000011000000000000000000
00000000000011000000000000000000
00000000001111000000000000110000
00000000001111000000000000110000
00000001111100000000000111110000
00000001111100000000000111110000
00000001111100000000011111000000
00000001111100000000011111000000
00000001111100000000011111000000
00000001110000001111111000000000
00000001110000001111111000000000
00000111110011111110000000000000
00000111110011111110000000000000
00000111111111000000000000000000
00000111111111000000000000000000
00011111111111000000000000000000
00011111111111000000000000000000
00011111111111000000000000000000
00011110001111110000000000000000
00011110001111110000000000000000
11111110000011111110000000000000
11111110000011111110000000000000
11111000000000111111100000000000
11111000000000111111100000000000
11111000000000111111100000000000
00000000000000001111111000000000
00000000000000001111111000000000
00000000000000000001111111000000
00000000000000000001111111000000
00000000000000000000011111000000
00000000000000000000011111000000
