00000000000000000000000000001100
00000000000000000000000000001100
00000000000000000000011111111100
00000000000000000000011111111100
00000000000000000000011111110000
00000000000000000000011111110000
00000001111111000000011111000000
00000001111111000000011111000000
00011111111111000001111000000000
00011111111111000001111000000000
00000111111111001111100000000000
00000111111111001111100000000000
00000111111111111111100000000000
00000111111111111111100000000000
00000111111111111111100000000000
00000111111111111111100000000000
00000001111111111111111000000000
00000001111111111111111000000000
00000001111111111111111111000000
00000001111111111111111111000000
00000001111111110001111111111100
00000001111111110001111111111100
00000001111111110000011111111111
00000001111111110000011111111111
00000001111111110000000000111111
00000001111111110000000000111111
00000001111111110000000000000000
00000001111111110000000000000000
00000001111111110000000000000000
00000001111111110000000000000000
00000001111111000000000000000000
00000001111111000000000000000000
