00011000000000000000000000000000
00011000000000000000000000000000
00011000000000000000000000000000
00011111111110000000000000000000
00011111111110000000000000000000
00011111111110000000111111111100
00011111111110000000111111111100
00011111111110000000111111111100
00011111111110000000111111111100
00011111111110000011111111110000
00011111111110000011111111110000
00011111111111111111111110000000
00011111111111111111111110000000
00011111111111111111000000000000
00011111111111111111000000000000
00011111111111111100000000000000
00011111111111111100000000000000
00011111111111111100000000000000
00011111111111111100000000000000
00011111111111111100000000000000
00011111111111111111111000000000
00011111111111111111111000000000
00011111111110011111111000000000
00011111111110011111111000000000
00011111111110000011111110000000
00011111111110000011111110000000
00011111111110000000111111110000
00011111111110000000111111110000
00000111111110000000111111111100
00000111111110000000111111111100
00000000000000000000000111111111
00000000000000000000000111111111
