00000111110000000000000000000000
00000111110000000000000000000000
00000111110000000000000000000000
11111111110000000000000111110000
11111111110000000000000111110000
11111111111110000000111110000000
11111111111110000000111110000000
00011111111110000011111110000000
00011111111110000011111110000000
00011111111110000011111110000000
00011111111110000011111000000000
00011111111110000011111000000000
00000111111110000011000000000000
00000111111110000011000000000000
00000111111111111111000000000000
00000111111111111111000000000000
00000111111111111111111110000000
00000111111111111111111110000000
00000111111111111111111110000000
00000111111111111111111111111100
00000111111111111111111111111100
00000000111111111111111111111111
00000000111111111111111111111111
00000000111111111100000111111111
00000000111111111100000111111111
00000000111111111100000111111111
00000000111111111100000000000000
00000000111111111100000000000000
00000000111111111111000000000000
00000000111111111111000000000000
00000000111111100000000000000000
00000000111111100000000000000000
