00011111110000000000000000000000
00011111110000000000000000000000
00011111110000000000000000000000
00011111111111110000000000000000
00011111111111110000000000000000
00011111111111110000000000000000
00011111111111111111111111000000
00011111111111111111111111000000
00011111111111111111111111000000
00011110000000111111111111110000
00011110000000111111111111110000
00011110000000111111111111110000
00011110000000111111100111111100
00011110000000111111100111111100
00011110000000111111100111111100
00011110000000111110000000111100
00011110000000111110000000111100
00011110000000111110000000111100
00011110000000111110000000111100
00011110000000111110000000111100
00011110000000111110000000111100
00011110000000111110000000111100
00011110000000111110000000111100
00011110000000111110000000111100
00000110000000111110000000111100
00000110000000111110000000111100
00000110000000111110000000111100
00000000000000111110000000111100
00000000000000111110000000111100
00000000000000111110000000111100
00000000000000000000000000111100
00000000000000000000000000111100
