00000000000000000000001111111100
00000000000000000000001111111100
00000000000000000000001111111100
00000000000000000000001111111100
00000000000000000000001111111100
11111111000000000001111111111100
11111111000000000001111111111100
11111111111000000001111111111111
11111111111000000001111111111111
11111111111000000001111111111111
11111111111000000001111111111111
11111111111000000001111111111111
11111111111111001111111111111111
11111111111111001111111111111111
11111111111111111111111111111111
11111111111111111111111111111111
11111111000111111111110011111111
11111111000111111111110011111111
11111111000111111111110011111111
00011111000111111111110000011111
00011111000111111111110000011111
00011111000000111110000000011111
00011111000000111110000000011111
00011111000000000000000000011111
00011111000000000000000000011111
00011111000000000000000000011111
00011111111000000000000000011111
00011111111000000000000000011111
00011111111000000000000000000000
00011111111000000000000000000000
00000011111000000000000000000000
00000011111000000000000000000000
