00011111100000000000000000000000
00011111100000000000000000000000
00011111100000000000000000000000
00011111100000000000000000000000
00000111111001111100000000000000
00000111111001111100000000000000
00000111111001111100000000000000
00000111100000011111111111110000
00000111100000011111111111110000
00000111100000011111111111110000
00000111100000011111110000111100
00000111100000011111110000111100
00000111100000011111110000111100
00000111100000011111000000111100
00000111100000011111000000111100
00000111100000011111000000111100
00000111100000011111000000111100
00000111100000011111000000111100
00000111100000011111000000111100
00000111100000011111000000111100
00000111100000011111000000111100
00000111100000011111000000111100
00000111100000011111000000111100
00011111100000011111000000111100
00011111100000011111000000111100
00011111100000011111000000111100
00000000000001111111000000111100
00000000000001111111000000111100
00000000000001111111000000111100
00000000000000000000000000111111
00000000000000000000000000111111
00000000000000000000000000111111
