00000000100000000000000000000000
00000000100000000000000000000000
00000000100000000000000000000000
00000011111000000000000000000000
00000011111000000000000000000000
00000011111000000000000000000000
00000011111000000000000000000000
00001111100001111100000000000000
00001111100001111100000000000000
00001111100001111100000000000000
00001111111111111100000000000000
00001111111111111100000000000000
00111111111111111100000001111000
00111111111111111100000001111000
00111111111000011100001111111110
00111111111000011100001111111110
00111111100000011100111111111110
00111111100000011100111111111110
00111111100000011100111111111110
00111111000000011111111110011110
00111111000000011111111110011110
00000000000000011111111100011111
00000000000000011111111100011111
00000000000000011111110000011111
00000000000000011111110000011111
00000000000000011111110000011111
00000000000000011100000000011111
00000000000000011100000000011111
00000000000000000000000000011111
00000000000000000000000000011111
00000000000000000000000000011111
00000000000000000000000000011111
