11111100000000000000000000000000
11111100000000000000000000000000
11111100000000000000000000000000
11111111100000000000000000000000
11111111100000000000000000000000
11111111100000000000000000011111
11111111100000000000000000011111
11111111111100000000000011111111
11111111111100000000000011111111
11111111111100000000000011111111
11111111111100000000011111111111
11111111111100000000011111111111
11111111111111100000011111111111
11111111111111100000011111111111
11111111111111111111111111111111
11111111111111111111111111111111
11111111111111111111111111111111
11111111111111111111111111111111
11111111111111111111111111111111
11111100011111111111111100011111
11111100011111111111111100011111
11111100000011111111111100011111
11111100000011111111111100011111
11111100000011111111100000011111
11111100000011111111100000011111
11111100000011111111100000011111
11111100000000000000000000011111
11111100000000000000000000011111
00000000000000000000000000011111
00000000000000000000000000011111
00000000000000000000000000011111
00000000000000000000000000011111
