00000000000000000000000000001100
00000000000000000000000000001100
00000000000000000000000000001100
00000111110000000000000000111111
00000111110000000000000000111111
00000111111100000000000000111111
00000111111100000000000000111111
00011111111100000000000111111111
00011111111100000000000111111111
00011111111100000000011111111111
00011111111100000000011111111111
00011111111111000000011111111111
00011111111111000000011111111111
00011111111111000001111111111111
00011111111111000001111111111111
00011111111111111111111111111111
00011111111111111111111111111111
00011111111111111111111111111111
00011110001111111111111000111111
00011110001111111111111000111111
00011110001111111111100111111111
00011110001111111111100111111111
11111110000011111111100111111111
11111110000011111111100111111111
11111110000011111110000111111111
11111110000011111110000111111111
11111110000000110000000111111100
11111110000000110000000111111100
11111000000000000000000111110000
11111000000000000000000111110000
00011000000000000000000000000000
00011000000000000000000000000000
