00000000000000000000000000000011
00000000000000000000000000000011
00000000000000000000000000000011
00000000000000000000000000111111
00000000000000000000000000111111
00000000000000000000000000111111
00000000000000001110011111111111
00000000000000001110011111111111
00011111111111111111111111111111
00011111111111111111111111111111
00011111111111111111111111111111
00011111111111111111111111001111
00011111111111111111111111001111
00011111111111111111111111001111
00011111111100111111100000001111
00011111111100111111100000001111
00011111110000001111100000001111
00011111110000001111100000001111
00011111110000001111100000001111
00011111110000001111100000001111
00011111110000001111100000001111
00011111110000001111100000001111
00011111110000001111100000001111
00011111110000001111100000001111
00011110000000001111100000001111
00011110000000001111100000001111
00011110000000001111100000001111
00011110000000001111100000000000
00011110000000001111100000000000
00011110000000001111100000000000
00011110000000000000000000000000
00011110000000000000000000000000
