00000000000000001111111100000000
00000000000000001111111100000000
00000000000000001111111100000000
11111100000000001111111100000000
11111100000000001111111100000000
11111111000000111111111100000000
11111111000000111111111100000000
11111111000000111111111100000000
11111111000000111111111111000000
11111111000000111111111111000000
00111111110000111111111111000000
00111111110000111111111111000000
00111111110000111111111111000000
00111111110000111111111111000000
00111111110000111111111111000000
00111111111100111111001111000000
00111111111100111111001111000000
00111111111100111111001111000000
00111111111111111111001111000000
00111111111111111111001111000000
00001111001111111111001111110000
00001111001111111111001111110000
00001111001111111111001111110000
00001111001111111100001111110000
00001111001111111100001111110000
00001111000011111111000011111100
00001111000011111111000011111100
00001111000011111111000011111100
00001111000000111100000011111111
00001111000000111100000011111111
00111111110000111100000011110000
00111111110000111100000011110000
