00011111111111111111111111110000
00011111111111111111111111110000
00011111111111111111111111110000
00011111111111111111111111110000
00011111111111111111111111111100
00011111111111111111111111111100
00011111111111111111111111111100
00011111111111111111111111111100
00011110000011111111100111111100
00011110000011111111100111111100
00011110000011111111100111111100
00011110000000111110000111111100
00011110000000111110000111111100
00011110000000111110000111111100
00011110000000111110000111111100
00011110000000111110000111111100
00011110000000111110000111111100
00011110000000111110000111111100
00011110000000111110000111111100
00011110000000111110000111111100
00011110000000111110000111111100
00011110000000111110000111111100
00011110000000111110000111111100
00011110000000111110000111111100
00011110000000111110000111111100
00011110000000111110000111111100
00011110000000111110000111111100
00011110000000111110000111111100
00011110000000111110000111111100
00000000000000111110000000110000
00000000000000111110000000110000
00000000000000111110000000110000
