00000000000000000000000111000000
00000000000000000000000111000000
00000000000000000000011111110000
00000000000000000000011111110000
00000000000000000000011111110000
00000000000000000000011111110000
00000000000000000001111111110000
11111000000000000001111111110000
11111000000000000001111111110000
11111110000000001111111111110000
11111110000000001111111111110000
11111110000000001111100111111100
11111111110000001111100000111100
11111111110000001111100000111100
11111111111100111110000000111100
11111111111100111110000000111100
11111111111111111110000000111100
11111001111111110000000000111100
11111001111111110000000000111100
11111000001111110000000000111100
11111000001111110000000000111100
11111000000011000000000000111111
11111000000000000000000000001100
11111000000000000000000000001100
11111000000000000000000000000000
11111000000000000000000000000000
11111000000000000000000000000000
11111000000000000000000000000000
11111000000000000000000000000000
11111000000000000000000000000000
11111000000000000000000000000000
11100000000000000000000000000000
