00000000000000000000000000110000
00000000000000000000000000110000
00000000000000000000000000110000
00000000000000000000111111110000
00000000000000000000111111110000
00000000000000000011111111110000
00000000000000000011111111110000
00000111100000000011111111110000
00000111100000000011111111110000
11111111111000000011111111110000
11111111111000000011111111110000
11111111111000000011111111110000
11111111111000000011111111110000
00011111111110000011110011110000
00011111111110000011110011110000
11111111111111111111110011111100
11111111111111111111110011111100
11111111111111111111110011111100
11111111111111111111110011111100
11111111111111111111110011111100
11111111100111111111110011111100
11111111100111111111110011111100
11111111100111111111000011111111
11111111100111111111000011111111
11111111100001111111000011110000
11111111100001111111000011110000
11111111100001111111000000000000
11111111100001111111000000000000
11111111111000000000000000000000
11111111111000000000000000000000
11111111111000000000000000000000
11111111111000000000000000000000
