00000000000000000000111111110000
00000000000000000000111111110000
00000000000000000000111111110000
11111111000000000000111111110000
11111111000000000000111111110000
11111111111100001111111111110000
11111111111100001111111111110000
11111111111100001111111111110000
11111111111100001111111111110000
11111111111100001111111111110000
11111111111111111111111111111111
11111111111111111111111111111111
11111111111111111111111111111111
11111111111111111111111111111111
11111111111111111111111111111111
11111111000011111111111111111111
11111111000011111111111111111111
11111111000011111111111111111111
11111111000011111111000011111111
11111111000011111111000011111111
11111111000000000000000011111111
11111111000000000000000011111111
11111111000000000000000011111111
11111111000000000000000011111111
11111111000000000000000011111111
11111111000000000000000011111111
11111111000000000000000011111111
11111111000000000000000011111111
11111111000000000000000011111111
11111111000000000000000011111111
11111111000000000000000000000000
11111111000000000000000000000000
