00000000000000000000001111111111
00000000000000000000001111111111
00000000000000000000001111111111
11111100000000000000001111111111
11111100000000000000001111111111
11111111000000000000001111111111
11111111000000000000001111111111
11111111000000000001111111111100
11111111000000000001111111111100
11111111000000000001111111111100
11111111111000000001111111111111
11111111111000000001111111111111
11111111111111001111111111111111
11111111111111001111111111111111
11111100111111111111110011111111
11111100111111111111110011111111
11111100000111111111110011111111
11111100000111111111110011111111
11111100000111111111110011111111
11111100000111111110000011111111
11111100000111111110000011111111
11111111000000111110000011111111
11111111000000111110000011111111
11111111000000000000000000011111
11111111000000000000000000011111
11111111000000000000000000011111
11111111000000000000000000011111
11111111000000000000000000011111
11111111000000000000000000000000
11111111000000000000000000000000
00011111000000000000000000000000
00011111000000000000000000000000
