00000000111110000000000000001100
00000000111110000000000000001100
00000000111110000000000000001100
00000111111111100000000001111111
00000111111111100000000001111111
00000111111111100000000001111111
00000111111111100000000111111111
00000111111111100000000111111111
00000111111111100000111111111100
00000111111111100000111111111100
00000111111111100000111111111100
00000111111111111111111111111100
00000111111111111111111111111100
00000111111111111111111111111100
00011111111111111111111111111100
00011111111111111111111111111100
00011111000001111111000111110000
00011111000001111111000111110000
00011111000001111111000111110000
00011111000001111111000111110000
00011111000001111111000111110000
00011111000001111111000111110000
11111111000001111100000111110000
11111111000001111100000111110000
11111111000000000000000111110000
11111111000000000000000111110000
11111111000000000000000111110000
11111000000000000000111110000000
11111000000000000000111110000000
11111000000000000000111110000000
00011000000000000000111110000000
00011000000000000000111110000000
