00000000000000000000111100000000
00000000000000000000111100000000
00000000000000000000111100000000
00000000000000000000111100000000
00000000000000000011111100000000
00000000000000000011111100000000
00000000000000000011111100000000
11110000111000001111111110000000
11110000111000001111111110000000
11110000111000001111111110000000
11110000111110001111001110000000
11110000111110001111001110000000
11110000111110001111001110000000
11110011111110011111001111100000
11110011111110011111001111100000
11110011111110011111001111100000
11111111100111111100000011111000
11111111100111111100000011111000
11111111100111111100000011111000
11111111100111111100000011111000
11111111000111111100000011111110
11111111000111111100000011111110
11111111000111111100000011111110
11111100000111110000000001111000
11111100000111110000000001111000
11111100000111110000000001111000
11111100000001100000000000000000
11111100000001100000000000000000
11111100000001100000000000000000
11111100000000000000000000000000
11111100000000000000000000000000
11111100000000000000000000000000
