00000111100000000000000000000000
00000111100000000000000000000000
00000111100000000000000000000000
11111111111000000000111111110000
11111111111000000000111111110000
11111111111110000000111111111100
11111111111110000000111111111100
11111111111110000000111111111100
11111111111110000011111111111100
11111111111110000011111111111100
11111111111111100011111111111100
11111111111111100011111111111100
11111111111111100011111111111100
11111111100111111111111111111100
11111111100111111111111111111100
00011111100001111111110000111100
00011111100001111111110000111100
00011111100001111111110000111100
00011111100001111111110000111111
00011111100001111111110000111111
00011111100000011111000000111111
00011111100000011111000000111111
00011111100000011111000000111111
00000111111000000000000000111111
00000111111000000000000000111111
00000111111000000000000000111111
00000111111000000000000000111111
00000111111000000000000000111111
00000111111000000000000000001111
00000111111000000000000000001111
00000000000000000000000000001111
00000000000000000000000000001111
