11111100000000000000001111100000
11111100000000000000001111100000
11111100000000000000001111100000
11111111000000000001111111100000
11111111000000000001111111100000
11111111111000000001111111111100
11111111111000000001111111111100
11111111111000000001111111111100
11111111111000001111111111111100
11111111111000001111111111111100
11111111111111001111111111111100
11111111111111001111111111111100
11111111111111001111111111111100
11111111111111111111111111111100
11111111111111111111111111111100
11111111000111111111110011111100
11111111000111111111110011111100
11111111000111111111110011111100
00011111000111111111110011111100
00011111000111111111110011111100
00011111000000111110000011111111
00011111000000111110000011111111
00011111000000111110000011111111
00011111000000000000000011111111
00011111000000000000000011111111
00011111111000000000000000011111
00011111111000000000000000011111
00011111111000000000000000011111
00011111111000000000000000011111
00011111111000000000000000011111
00000011000000000000000000011111
00000011000000000000000000011111
