00001111000001111100000011111000
00001111000001111100000011111000
00001111000001111100000011111000
00001111000001111100000011111000
00001110000011111100000111111000
00001110000011111100000111111000
00001110000011111100000111111000
00001110001111111100011100111111
00001110001111111100011100111111
00001110001111111100011100111111
00111110111101111100111000111111
00111110111101111100111000111111
00111110111101111100111000111111
00111111110001111100100000001111
00111111110001111100100000001111
00111111110001111100100000001111
00111111000001111111100000001111
00111111000001111111100000001111
00111111000001111111100000001111
00111111000001111111100000001111
00111111000001111111000000001111
00111111000001111111000000001111
00111111000001111111000000001111
00111110000001111100000000001111
00111110000001111100000000001111
00111110000001111100000000001111
00111000000000000000000000001111
00111000000000000000000000001111
00111000000000000000000000001111
00000000000000000000000000000110
00000000000000000000000000000110
00000000000000000000000000000110
