00111100000000000000000000000000
00111100000000000000000000000000
00111100000000000000000000000000
00111100000000000000000000000000
00111111000000000000001110000000
00111111000000000000001110000000
00111111000000000000001110000000
00111111011111100000111111100000
00111111011111100000111111100000
00111111011111100000111111100000
00111111011111100000111111100000
00111111011111100000111111100000
00111111011111100000111111100000
00111100111111100011110011100000
00111100111111100011110011100000
00111100111111100011110011100000
00111111100001101111110011111000
00111111100001101111110011111000
00111111100001101111110011111000
00111111100001101111110011111000
00111111100001111111000001111000
00111111100001111111000001111000
00111111100001111111000001111000
00111111000001111111000001111110
00111111000001111111000001111110
00111111000001111111000001111110
00111100000001111100000001111110
00111100000001111100000001111110
00111100000001111100000001111110
00000000000000011100000000000000
00000000000000011100000000000000
00000000000000011100000000000000
