11111111111111111100000000000000
11111111111111111100000000000000
11111111111111111100000000000000
11111111111111111100000000000000
00011111110001111111111111111100
00011111110001111111111111111100
00011111110001111111111111111100
00011111000000011111111111111111
00011111000000011111111111111111
00011111000000011111111111111111
00011111000000011111111000001111
00011111000000011111111000001111
00011111000000011111111000001111
00011111000000011111000000001111
00011111000000011111000000001111
00011111000000011111000000001111
00011111000000011111000000001111
00011111000000011111000000001111
00011111000000011111000000001111
00011111000000011111000000001111
11111111000000011111000000001111
11111111000000011111000000001111
11111111000000011111000000001111
11111111110001111111000000001111
11111111110001111111000000001111
11111111110001111111000000001111
00000000000000011111111000001111
00000000000000011111111000001111
00000000000000011111111000001111
00000000000000000000000000000011
00000000000000000000000000000011
00000000000000000000000000000011
