00000000000000000000000000000011
00000000000000000000000000000011
00000000000000000000000000000011
00000000000000000000000000000011
00000000000000000000000000000011
00000000000000000000000000000011
00000000000000000000000000000011
00000111111111111111111111111111
00000111111111111111111111111111
00000111111111111111111111111111
00000111111111111111111111111111
00000111111111111111111111111111
00000111111111111111111111111111
00000111111110011111111000001111
00000111111110011111111000001111
00000111111110011111111000001111
00011111110000011111111000001111
00011111110000011111111000001111
00011111110000011111111000001111
00011111110000011111111000001111
00011111110000011111111000001111
00011111110000011111111000001111
00011111110000011111111000001111
00011111110000011111000000001111
00011111110000011111000000001111
00011111110000011111000000001111
00011111110000011111000000001111
00011111110000011111000000001111
00011111110000011111000000001111
00011111000000011111000000001111
00011111000000011111000000001111
00011111000000011111000000001111
