00000000000000000000000000011111
00000000000000000000000000011111
00000000000000000000000000011111
00000000000000000000000000000000
00000000000000000000000000000000
00000000000000000000000000000000
00000000000000000000000000000000
00000000000000000000000000000000
00000000000000000000000000000000
00000000000000000000000000000000
00000000000000000000000000000000
00000000000000000000000000000000
00000000000000000000000000000000
00000000000000000000000000000000
00000000000000000000000000000000
00000000000000000000000000000000
00000000000000000000000000000000
00000000000000000000000000000000
00000000000000000000000000000000
00000000000000000000000000000000
00000000000000000000000000000000
00000000000000000000000000000000
11110000000000000000000001100000
11110000000000000000000001100000
11110000000111100000001111111000
11110000000111100000001111111000
11110000000111100000001111111000
11110000011111110000111111111000
11110000011111110000111111111000
11110000011111110000111111111000
11110000111111110000111111111110
11110000111111110000111111111110
