00000000000000000000000000000011
00000000000000000000000000000011
00000000000000000000000000000011
00000000000000000000000000000011
00000000000000000000000000000011
00000000000000000000000000000000
00000000000000000000000000000000
00011111110011110000000000000000
00011111110011110000000000000000
00011111110011110000000000000000
00000111111111111111100000000000
00000111111111111111100000000000
00011111110000001111111111111100
00011111110000001111111111111100
00011111110000001111111000001111
00011111110000001111111000001111
00011111110000001111100000001111
00011111110000001111100000001111
00011111110000001111100000001111
00011111110000111111100000001111
00011111110000111111100000001111
00011111110000111111100000001111
00011111110000111111100000001111
11111110000000111110000000111111
11111110000000111110000000111111
11111110000000111110000000111111
11111110000011111111100000111111
11111110000011111111100000111111
00000000000000000000000000111111
00000000000000000000000000111111
00000000000000000000000000001111
00000000000000000000000000001111
