11100000000000000000000000000000
11100000000000000000000000000000
11100000000000000000000000000000
11100000000000000000000000000000
11100000000000000000000000000000
00000000000000000000000000000000
00000000000000000000000000000000
00000111110000000000000000000000
00000111110000000000000000000000
00000111110000000000000000000000
00011111111111110000000000000000
00011111111111110000000000000000
11111111111111111110000000000000
11111111111111111110000000000000
11111111110011111111111111000000
11111111110011111111111111000000
11111110000000111111111111111100
11111110000000111111111111111100
11111110000000111111111111111100
11111110000000111111111111111111
11111110000000111111111111111111
11111110000000111111100000111111
11111110000000111111100000111111
11111110000000111111100000111111
11111110000000111111100000111111
11111110000000111111100000111111
00000000000011111110000000111111
00000000000011111110000000111111
00000000000011111110000000111111
00000000000011111110000000111111
00000000000000000000000000111111
00000000000000000000000000111111
