00000000000000000000000000000011
00000000000000000000000000000011
00000000000000000000000000000011
00011111110001111111000000000000
00011111110001111111000000000000
00011111110001111111000000000000
00011111111111111111111110000000
00011111111111111111111110000000
00011111111111111111111110000000
00000111111110000000111110000000
00000111111110000000111110000000
00000111111110000000111110000000
00000111111110000000111110000000
00000111111110000000111110000000
00000111111110000000111110000000
00000111111110000000111111110000
00000111111110000000111111110000
00000111111110000000111111110000
00000000111110000000000111110000
00000000111110000000000111110000
00000000111110000000000111110000
00000000111110000000000111110000
00000000111110000000000111110000
00000000111110000000000111110000
00000000111110000000000111111100
00000000111110000000000111111100
00000000111110000000000111111100
00000000111111100000000111111111
00000000111111100000000111111111
00000000111111100000000111111111
00000000111111100000000000000000
00000000111111100000000000000000
