00000000000000000000000111111000
00000000000000000000000111111000
00000000000000000000000111111000
00000000000000000000000111111000
00000001111111110000111111111111
00000001111111110000111111111111
00000001111111110000111111111111
00000001111111111111111111111111
00000001111111111111111111111111
00000001111111111111111111111111
00000001111111111111111000111111
00000001111111111111111000111111
00000001111111111111111000111111
00001111111111111111000000111111
00001111111111111111000000111111
00001111111111111111000000111111
00001111111111111111000000111111
00001111111111111111000000111111
00001111111111111111000000111111
00001111111111111111000000111111
00001111111111110000000000111111
00001111111111110000000000111111
00001111111111110000000000111111
11111111111111110000000000111111
11111111111111110000000000111111
11111111111111110000000000111111
11111111111110000000000000111111
11111111111110000000000000111111
11111111111110000000000000111111
00001111110000000000000000000000
00001111110000000000000000000000
00001111110000000000000000000000
