00000111110000000011111110000000
00000111110000000011111110000000
00000111110000000011111110000000
00000111110000000011111110000000
00011111110000011111111110000000
00011111110000011111111110000000
00011111110000011111111110000000
00011111110000011111111110000000
00011111110001111111111111110000
00011111110001111111111111110000
00011111110001111111111111110000
00011111111111111100111111110000
00011111111111111100111111110000
00011111111111111100111111110000
00011111111111111100111111110000
00011111111111100000111111110000
00011111111111100000111111110000
00011111111111100000111111110000
00011111111110000000111111110000
00011111111110000000111111110000
00011111111110000000111111110000
00011111111110000000111111110000
00011111111110000000000111111100
00011111111110000000000111111100
00011111111110000000000111111100
00011111110000000000000111111100
00011111110000000000000111111100
00011111110000000000000111111100
00011111110000000000000111111100
00000111000000000000000111111100
00000111000000000000000111111100
00000111000000000000000111111100
