00000000111111110000000000000000
00000000111111110000000000000000
00000000111111110000000000000000
00000000111111110000000000000000
00000000111111111111111111111111
00000000111111111111111111111111
00000000111111111111111111111111
00000000111111111111111111111111
00000000111111111111111111111111
00000000111111111111111111111111
00000000111111111111000011111111
00000000111111111111000011111111
00000000111111111111000011111111
00001111111111110000000011111111
00001111111111110000000011111111
00001111111111110000000011111111
00001111111111110000000011111111
00001111111111110000000011111111
00001111111111110000000011111111
00001111111111110000000011111111
00001111111100000000000011111111
00001111111100000000000011111111
00001111111100000000000011111111
00001111111100000000000011111111
00001111111100000000000011111111
00001111111100000000000011111111
00001111111100000000111111111111
00001111111100000000111111111111
00001111111100000000111111111111
00000000000000000000000011110000
00000000000000000000000011110000
00000000000000000000000011110000
