00000000000000001111111100000000
00000000000000001111111100000000
00000000000000001111111100000000
00000000000000001111111100000000
00000000111111111111111111100000
00000000111111111111111111100000
00000000111111111111111111100000
00011111111111000001111111100000
00011111111111000001111111100000
00011111111111000001111111100000
00000011111111000001111111100000
00000011111111000001111111100000
00000011111111000001111111100000
00000011111111000000001111100000
00000011111111000000001111100000
00000011111111000000001111100000
00000011111111000000001111100000
00000011111111000000001111100000
00000011111111000000001111100000
00000011111111000000001111100000
00000011111111000000001111111100
00000011111111000000001111111100
00000011111111000000001111111100
00000011111111000000001111100000
00000011111111000000001111100000
00000011111111000000001111100000
00000011111111000000000000000000
00000011111111000000000000000000
00000011111111000000000000000000
00000011111111000000000000000000
00000011111111000000000000000000
00000011111111000000000000000000
