00000000000000000000000000011111
00000000000000000000000000011111
00000000000000000000000000011111
00000000000000000000000000000011
00000000000000000000000000000011
00011111111100000000000000000011
00011111111100000000000000000011
00011111111111111111111111111111
00011111111111111111111111111111
00011111111111111111111111111111
00011111111111100000011111111100
00011111111111100000011111111100
00011111111111100000011111111111
00011111111111100000011111111111
00011111111111100000011111111111
00011111111111100000011111111111
00011111111111100000011111111111
00011111111111100000011111111111
00011111111111100000011111111111
00011111111111100000011111111111
00011111111111100000011111111111
00011111111100000000011111111111
00011111111100000000011111111111
00011111111100000000011111111111
00011111111100000000011111111111
00011111111100000000011111111111
11111111111111100000011111111111
11111111111111100000011111111111
00000000011100000000011111111111
00000000011100000000011111111111
00000000000000000000000000011111
00000000000000000000000000011111
