11110000000000000000000000000000
11110000000000000000000000000000
11110000000000000000000000000000
11110000000000000000000000000000
11110000000000000000000000000000
11110000000000000000000000000000
11110000000000000000000000000000
11110000000000000000000000000000
11111111111111111111110000000000
11111111111111111111110000000000
11111111111111111111111111111111
11111111111111111111111111111111
11111111111111111111111111111111
11111111111111111111111111111111
11111111111111111111111111111111
11111111111000000000001111111111
11111111111000000000001111111111
11111111111000000000001111111111
11111111000000000000001111111111
11111111000000000000001111111111
11111111000000000000001111111111
11111111000000000000001111111111
11111111000000000000001111111111
11111111111000000000001111111111
11111111111000000000001111111111
11111111111000000000001111111111
11111111111000000000001111111111
11111111111000000000001111111111
11111111000000000000001111111111
11111111000000000000001111111111
00000000000000000000000001111111
00000000000000000000000001111111
