00000000000000011111111110000000
00000000000000011111111110000000
00000000000000011111111110000000
00000000000000011111111110000000
00001111111111111111111111111000
00001111111111111111111111111000
00001111111111111111111111111000
11111111111111100011111111111000
11111111111111100011111111111000
11111111111111100011111111111000
11111111111000000000001111111000
11111111111000000000001111111000
11111111111000000000001111111000
11111111111000000000001111111000
11111111111000000000001111111000
11111111111000000000001111111000
00001111111000000000001111111000
00001111111000000000001111111000
00001111111000000000001111111000
00001111111000000000001111111000
00001111111000000000001111111000
00001111111000000000001111111000
00001111111000000000001111111000
00001111111000000000001111111000
00001111111000000000001111111000
00001111111000000000001111111000
00001111111000000000000000000000
00001111111000000000000000000000
00001111111000000000000000000000
00001111111000000000000000000000
00001111111000000000000000000000
00001111111000000000000000000000
