11100111111110000000000000000000
11100111111110000000000000000000
11100111111110000000000000000000
00000111111111111111000000000000
00000111111111111111000000000000
00000111111111111111000000000000
00000111111111111111111110000000
00000111111111111111111110000000
00000111111111111111111110000000
00011111111111111111111111110000
00011111111111111111111111110000
00011111111111111111111111110000
00011111110000000011111111111100
00011111110000000011111111111100
00011111110000000011111111111100
00011111111111111100000111111100
00011111111111111100000111111100
00011111111111111100000111111100
00011111111111111111111111111100
00011111111111111111111111111100
00011111111111111111111111111100
11111111001111111111111111111100
11111111001111111111111111111100
11111111001111111111111111111100
11111111000000011111111111110000
11111111000000011111111111110000
11111111000000011111111111110000
11111111000000000000000000000000
11111111000000000000000000000000
11111111000000000000000000000000
11111111000000000000000000000000
11111111000000000000000000000000
