11111111100000000000000000000000
11111111100000000000000000000000
11111111100000000000000000000000
00011111111111111111111100000000
00011111111111111111111100000000
00011111111100000011111111100000
00011111111100000011111111100000
00011111100000000000000011111100
00011111100000000000000011111100
00011111100000000000000011111100
00011111100000000000000011111100
00011111100000000000000011111100
00011111100000000000000011111100
00011111100000000000000011111100
00011111100000000000000011111100
00011111100000000000000011111100
00011111100000000000000011111100
00011111100000000000000011111100
00011111100000000000000011111100
00011111100000000000011111100000
00011111100000000000011111100000
00011111111111111111111100000000
00011111111111111111111100000000
00011111100000000000000000000000
00011111100000000000000000000000
00011111100000000000000000000000
11111111100000000000000000000000
11111111100000000000000000000000
11111111100000000000000000000000
11111111100000000000000000000000
11111111100000000000000000000000
11111111100000000000000000000000
