00000000000111100000000000000000
00000000000111100000000000000000
00000000000111100000000000000000
00000000011111100000000000000000
00000000011111100000000000000000
00000000011111100000111111111100
00000000011111100000111111111100
00000000011111111111111111111111
00000000011111111111111111111111
00000000011111111111111111111111
00000001111111111111110011111111
00000001111111111111110011111111
00000001111111100000000011111100
00000001111111100000000011111100
00000001111110000000000011111100
00000001111110000000000011111100
00000111111110000000001111110000
00000111111110000000001111110000
00000111111110000000001111110000
00000111111111111111111111000000
00000111111111111111111111000000
00011111100111111111111100000000
00011111100111111111111100000000
00011111100000011111000000000000
00011111100000011111000000000000
00011111100000011111000000000000
11111110000000000000000000000000
11111110000000000000000000000000
11111110000000000000000000000000
11111110000000000000000000000000
11111000000000000000000000000000
11111000000000000000000000000000
