00000011111111000000000000000000
00000011111111000000000000000000
00000011111111000000000000000000
00000000111111110000000000000000
00000000111111110000000000000000
00000000111111111111111111100000
00000000111111111111111111100000
00000000111111111111111111100000
00000011111111000000001111111111
00000011111111000000001111111111
00000011111111000000000011111111
00000011111111000000000011111111
00000011111111000000000011111111
00000011111111000000000011111111
00000011111111000000000011111111
00000011111111000000000011111111
00000011111111000000000011111111
00000011111111000000000011111111
00000011111111000000000011111111
00000011111111000000000011111111
00000011111111110000001111111100
00000011111111110000001111111100
00000011111111110000001111111100
00011111111000111111111111100000
00011111111000111111111111100000
00011111111000000000000000000000
00011111111000000000000000000000
00011111111000000000000000000000
11111111111000000000000000000000
11111111111000000000000000000000
00011111111000000000000000000000
00011111111000000000000000000000
