00000111111110000000000111110000
00000111111110000000000111110000
00000111111110000000000111110000
00000111111110000011111111111100
00000111111110000011111111111100
00000111111110011111111111111111
00000111111110011111111111111111
00000111111111111111000111111111
00000111111111111111000111111111
00000111111111111100000001111111
00000111111111111100000001111111
00000111111111100000000111111100
00000111111111100000000111111100
00000111111110000000000111111100
00000111111110000000000111111100
00000111111111111111111111110000
00000111111111111111111111110000
00000111111111111111111111110000
00000111111111111111111110000000
00000111111111111111111110000000
00000111110001111111111000000000
00000111110001111111111000000000
00011111110000000000000000000000
00011111110000000000000000000000
00011111110000000000000000000000
00011111110000000000000000000000
00011111110000000000000000000000
00011111110000000000000000000000
00011111000000000000000000000000
00011111000000000000000000000000
00000111000000000000000000000000
00000111000000000000000000000000
