00011111111111111111111111100000
00011111111111111111111111100000
00011111111111111111111111100000
11111111111111111111111111111100
11111111111111111111111111111100
00011111111111111111111111111111
00011111111111111111111111111111
00011111111000000000000011111111
00011111111000000000000011111111
00011111111000000000000011111111
00011111111000000000000011111111
00011111111000000000000011111111
00011111111000000000000011111111
00011111111000000000000011111111
00011111111111000000001111111111
00011111111111000000001111111111
00000011111111111111111111111100
00000011111111111111111111111100
00000011111111111111111111111100
00000011111111111111111111100000
00000011111111111111111111100000
00000011111111000000000000000000
00000011111111000000000000000000
00000011111111000000000000000000
00000011111111000000000000000000
00000011111111000000000000000000
00000011111111000000000000000000
00000011111111000000000000000000
00000011111111000000000000000000
00000011111111000000000000000000
00000000111111000000000000000000
00000000111111000000000000000000
