00000000000001111111111110000000
00000000000001111111111110000000
00000000000001111111111110000000
00000111111111111111111111110000
00000111111111111111111111110000
00011111111111111111111111111100
00011111111111111111111111111100
11111111111111111111111111111111
11111111111111111111111111111111
11111111111111111111111111111111
11111111110000000000000111111100
11111111110000000000000111111100
11111111110000000000111111110000
11111111110000000000111111110000
11111111110000011111111111110000
11111111110000011111111111110000
00011111111111111111000000000000
00011111111111111111000000000000
00011111111111111111000000000000
00011111111111100000000000000000
00011111111111100000000000000000
00011111110000000000000000000000
00011111110000000000000000000000
00011111110000000000000000000000
00011111110000000000000000000000
00011111110000000000000000000000
00011111110000000000000000000000
00011111110000000000000000000000
00011111000000000000000000000000
00011111000000000000000000000000
00011111000000000000000000000000
00011111000000000000000000000000
