00000011100011111111111111100000
00000011100011111111111111100000
00000011100011111111111111100000
00011111111111111111111111111100
00011111111111111111111111111100
00011111111111100000011111111100
00011111111111100000011111111100
00011111111111100000011111111100
00011111111100000000000011111111
00011111111100000000000011111111
00011111111100000000000011111111
00011111111100000000000011111111
00011111111100000000000011111111
00011111111100000000000011111100
00011111111100000000000011111100
00011111111100000000011111111100
00011111111100000000011111111100
00011111111100000000011111111100
00011111111111111111111111111100
00011111111111111111111111111100
00011111111111111111111111100000
00011111111111111111111111100000
00011111111111111111111111100000
00011111100000000000000000000000
00011111100000000000000000000000
00011111100000000000000000000000
00011111100000000000000000000000
00011111100000000000000000000000
00011111100000000000000000000000
00011111100000000000000000000000
00011111100000000000000000000000
00011111100000000000000000000000
