00000000111111111111111111111000
00000000111111111111111111111000
00000000111111111111111111111000
00001111111111111111111111111111
00001111111111111111111111111111
00001111111111111111111111111111
00001111111111100000001111111111
00001111111111100000001111111111
00001111111111100000001111111111
00001111111111100000001111111111
00001111111111100000001111111111
00001111111111100000001111111111
00001111111111100000001111111111
00001111111111100000001111111111
00001111111111100000001111111111
00001111111111100011111111111000
00001111111111100011111111111000
00001111111111100011111111111000
00001111111111111111111111111000
00001111111111111111111111111000
00001111111111111111111111111000
00001111111111111111111110000000
00001111111111111111111110000000
00001111111111111111111110000000
00001111111111100000000000000000
00001111111111100000000000000000
00001111111111100000000000000000
00001111111000000000000000000000
00001111111000000000000000000000
00001111111000000000000000000000
00001111111000000000000000000000
00001111111000000000000000000000
