00000011111111111111100000000000
00000011111111111111100000000000
11111111111111111111111111111111
11111111111111111111111111111111
11111111111100000000011111111111
11111111111100000000011111111111
11111111111100000000011111111100
11111111111100000000011111111100
11111111111100000011111111111100
11111111111100000011111111111100
11111111100000000011111111111100
11111111100000000011111111111100
11111111100000000011111111111100
11111111100000000011111111111100
11111111111100000011111111111100
11111111111100000011111111111100
00011111111100011111111111111100
00000011111111111111111111111100
00000011111111111111111111111100
00000000000000000011111111100000
00000000000000000011111111100000
00000000000000000011111111100000
00000000000000000011111111100000
00000000000000011111111111100000
00000000000000011111111111100000
00000000000000011111111111100000
00000000000000011111111111100000
00000000000011111111111111100000
00000000000011111111111111100000
00000000000000000011111111111100
00000000000000000011111111111100
00000000000000000000000011100000
