00001111111111110000000000000000
00001111111111110000000000000000
00001111111111110000000000000000
11111111111111111111111100000000
11111111111111111111111100000000
11111111111111111111111111110000
11111111111111111111111111110000
11110000000000001111111111110000
11110000000000001111111111110000
11110000000000001111111111110000
11110000000000001111111111110000
11110000000000001111111111110000
11110000000000001111111111110000
11110000000000001111111111110000
11110000000000001111111100000000
11110000000000001111111100000000
11111111000011111111111100000000
11111111000011111111111100000000
11111111000011111111111100000000
11111111111111111111111100000000
11111111111111111111111100000000
11111111111111111111111100000000
11111111111111111111111100000000
00000000000011111111111100000000
00000000000011111111111100000000
00000000000011111111111100000000
00000000000011111111111100000000
00000000000011111111111100000000
00000000000011111111000000000000
00000000000011111111000000000000
00000000000011111111000000000000
00000000000011111111000000000000
