00000000000111111111111111111111
00000000000111111111111111111111
00000011111111111110001111111111
00000011111111111110001111111111
00011111111111110000001111111111
00011111111111110000001111111111
00011111111111000000001111111111
00011111111111000000001111111111
00011111111111000000001111111111
00011111111111000000001111111111
11111111111111000000001111111111
11111111111111000000001111111111
00011111111111000000001111111111
00011111111111000000001111111111
00011111111111000000001111111111
00011111111111000000001111111111
00000011111111000001111111111100
00000011111111000001111111111100
00000011111111111111111111111100
00000011111111111111111111111100
00000000000111111111111111111100
00000000000111111111111111111100
00000000000000000001111111111100
00000000000000000001111111111100
00000000000000000001111111111100
00000000000000000001111111111100
00000000000000000001111111111100
00000000000000000001111111111100
00000000000000111111111111111100
00000000000000111111111111111100
00000000000000001111111111100000
00000000000000001111111111100000
