00000000000000000001111111100000
00000000000000000001111111100000
00000000000000000001111111100000
00000000000000111111111111100000
00000000000000111111111111100000
00000000000000111111111111100000
00000011111111111111111111100000
00000011111111111111111111100000
11111111111111000001111100000000
11111111111111000001111100000000
11111111111111000001111100000000
11111111000000001111111100000000
11111111000000001111111100000000
11111111000000001111111100000000
11111111111111001111110000000000
11111111111111001111110000000000
00000000111111111111110000000000
00000000111111111111110000000000
00000000111111111111110000000000
00000000000111111111111111111111
00000000000111111111111111111111
00000000000111111111111111111111
00000000000000111110000011111111
00000000000000111110000011111111
00000000000000111110000000000000
00000000000000111110000000000000
00000000000000111110000000000000
00000000000111111110000000000000
00000000000111111110000000000000
00000000000111111110000000000000
00000000000111110000000000000000
00000000000111110000000000000000
