00000000000000001111111100000000
00000000000000001111111100000000
00000000000000001111111100000000
00000000000111111111111100000000
00000000000111111111111100000000
00000000111111111111111100000000
00000000111111111111111100000000
00000000111111111111111100000000
00000011111111001111111100000000
00000011111111001111111100000000
11111111111000111111110000000000
11111111111000111111110000000000
11111111111000111111110000000000
11111100000000111111110000000000
11111100000000111111110000000000
11111111111111111111111100000000
11111111111111111111111100000000
11111111111111111111111100000000
11111111111111111111111111111100
11111111111111111111111111111100
00000000000111111110001111111100
00000000000111111110001111111100
00000000000111111110001111111100
00000000000111111110000000000000
00000000000111111110000000000000
00000000000111111110000000000000
00000000000111111110000000000000
00000000000111111110000000000000
00000000000111110000000000000000
00000000000111110000000000000000
00000000000111110000000000000000
00000000000111110000000000000000
