00000000000000000000000111111000
00000000000000000000000111111000
00000000000000000000000111111000
00000000000000000000000111111000
00000000000000000000000111111000
00000000000000000000000111111000
00000000000000000000111111111000
00000000000000000000111111111000
00000000000000001111111111111000
00000000000000001111111111111000
00000000000000001111111111111000
00000000000001111111111111111000
00000000000001111111111111111000
00000000000001111111111111111000
00000000001111110000000111111000
00000000001111110000000111111000
00000000001111110000000111111000
00000000001111110000000111111000
00000000001111110000000111111000
00000001111110000000111111111111
00000001111110000000111111111111
00000001111110000000111111111111
00001111110000001111111111111000
00001111110000001111111111111000
11111111111111111111111111111000
11111111111111111111111111111000
11111111111111111111111111111000
11111111111110000000000111111000
11111111111110000000000111111000
11111111111110000000000111111000
00000000000000000000000111111000
00000000000000000000000111111000
