00000000000111111111111111111111
00000000000111111111111111111111
00000000000111111111111111111111
00000000000111111111111111111111
00000000000111111111111111111111
00000000000111111111111111111111
00000000000111111111111111111111
00000000000111111111111111111111
00000011111111111111111111111111
00000011111111111111111111111111
00000011111111111111111111111111
00000011111111111111111111111111
00000011111111111111110000000000
00000011111111111111110000000000
00000011111111111111110000000000
00000011111111111111110000000000
00000011111111111111110000000000
00000011111111111111110000000000
00000011111111111111110000000000
00000011111111111111110000000000
00000011111111110000000000000000
00000011111111110000000000000000
00000011111111110000000000000000
00000011111111110000000000000000
00000011111111110000000000000000
00000011111111110000000000000000
00000011111111110000000000000000
00000011111111110000000000000000
00000011111111110000000000000000
00000011111111110000000000000000
00000011111111110000000000000000
00000011111111110000000000000000
