00000000011100000000000000000000
00000000011100000000000000000000
00000000011100000000000000000000
00000000011111111100011111100000
00000000011111111100011111100000
00000000011111111100011111100000
00000000011111111111111111111100
00000000011111111111111111111100
00000000011111111111111111111100
00000000011111111111111111100000
00000000011111111111111111100000
00000000011111111111111111100000
00000011111111111100000000000000
00000011111111111100000000000000
00000011111111111100000000000000
00000011111111111100000000000000
00000011111111111100000000000000
00000011111111111100000000000000
00000011111111100000000000000000
00000011111111100000000000000000
00000011111111100000000000000000
00011111111111100000000000000000
00011111111111100000000000000000
00011111111111100000000000000000
11111111111111100000000000000000
11111111111111100000000000000000
11111111111111100000000000000000
00011111111111100000000000000000
00011111111111100000000000000000
00011111111111100000000000000000
00000011111111111100000000000000
00000011111111111100000000000000
