00001111111111111111111100000000
00001111111111111111111100000000
00001111111111111111111100000000
11111111111111111111111111110000
11111111111111111111111111110000
11111111111111111111111111110000
11111111111100000000000000000000
11111111111100000000000000000000
11111111000000000000000000000000
11111111000000000000000000000000
11111111000000000000000000000000
11111111111100000000000000000000
11111111111100000000000000000000
11111111111100000000000000000000
11111111111111111111111100000000
11111111111111111111111100000000
11111111111111111111111111111111
11111111111111111111111111111111
11111111111111111111111111111111
00000000000000000000111111111111
00000000000000000000111111111111
00000000000000000000111111111111
00000000000000000000000011111111
00000000000000000000000011111111
11110000000000000000000011111111
11110000000000000000000011111111
11110000000000000000000011111111
11111111111111111111111111111111
11111111111111111111111111111111
11111111111111111111111111111111
11111111111111111111111111111111
11111111111111111111111111111111
