00000000000111111111111111111000
00000000000111111111111111111000
00000000000111111111111111111000
00001111111111111111111111111000
00001111111111111111111111111000
00001111111111111111111111111000
00001111111111100000000000000000
00001111111111100000000000000000
00001111111111100000000000000000
11111111111111111111110000000000
11111111111111111111110000000000
11111111111111111111110000000000
11111111111111111111111111111000
11111111111111111111111111111000
11111111111111111111111111111000
00001111111111111111111111111000
00001111111111111111111111111000
00001111111111111111111111111000
00000000111111111111111111111000
00000000111111111111111111111000
00000000111111111111111111111000
00000000000000000011111111111000
00000000000000000011111111111000
00000000000000000011111111111000
11111111000000000011111110000111
11111111000000000011111110000111
11111111000000000011111110000111
11111111111111111111110000000000
11111111111111111111110000000000
11111111111111111111110000000000
00001111111111100000000000000000
00001111111111100000000000000000
