00000000011111111111111111111100
00000000011111111111111111111100
00000000011111111111111111111100
00000011111111111111111111111111
00000011111111111111111111111111
00000011111111100000000000011111
00000011111111100000000000011111
00000011111111100000000000011111
00000011111111100000000000000011
00000011111111100000000000000011
00000000011111100000000000000000
00000000011111100000000000000000
00000000011111100000000000000000
00000000011111111100000000000000
00000000011111111100000000000000
00000000000011111111111100000000
00000000000011111111111100000000
00000000000011111111111100000000
00000000000000000011111111100000
00000000000000000011111111100000
00000000000000000000011111111100
00000000000000000000011111111100
00000000000000000000011111111100
11111100000000000000000011111111
11111100000000000000000011111111
11111111111111111111111111111100
11111111111111111111111111111100
11111111111111111111111111111100
00011111111111111111111111100000
00011111111111111111111111100000
00000000000011111100000000000000
00000000000011111100000000000000
