11111111111111111100000000000000
11111111111111111100000000000000
11111111111111111100000000000000
11111111111111111111110000000000
11111111111111111111110000000000
11111111111111111111110000000000
11111111000000011111111111111111
11111111000000011111111111111111
11111111000000000011111111111111
11111111000000000011111111111111
11111111000000000011111111111111
11111111111000000000000001111111
11111111111000000000000001111111
11111111111000000000000001111111
11111111111111111111110000000111
11111111111111111111110000000111
00000000000000011111111111111000
00000000000000011111111111111000
00000000000000011111111111111000
11111111000000000000001111111111
11111111000000000000001111111111
11111111000000000000001111111111
11111111111000000000000001111111
11111111111000000000000001111111
11111111111111111111111111111111
11111111111111111111111111111111
11111111111111111111111111111111
11110000111111111111111111111111
11110000111111111111111111111111
11110000111111111111111111111111
00000000000000000000001110000000
00000000000000000000001110000000
