00000000000000111111110000000000
00000000000000111111110000000000
00000000000000111111110000000000
00000000000111111111111100000000
00000000000111111111111100000000
00000011111111111111111100000000
00000011111111111111111100000000
00011111111000000000001100000000
00011111111000000000001100000000
11111111000000000000000000000000
11111111000000000000000000000000
11111111111111111111110000000000
11111111111111111111110000000000
11111111111111111111111111111100
11111111111111111111111111111100
11111111111111111111111111111111
11111111111111111111111111111111
11111111111111111111111111111111
11111111111111111111111111111111
11111111111111111111111111111111
00000000000000000000001111111111
00000000000000000000001111111111
00000000000000000000001111111111
00000000000000000000001111111111
00000000000000000000001111111111
00000000000000000000001111111111
00000011111111111111111111111100
00000011111111111111111111111100
00000011111111111111111111100000
00000011111111111111111111100000
00000011111000000000000000000000
00000011111000000000000000000000
