00000000000000011111111110000000
00000000000000011111111110000000
00000000000000011111111110000000
00000000111111111111111111111000
00000000111111111111111111111000
00000000111111111111111111111000
00001111111111100000001111111000
00001111111111100000001111111000
00001111111111111111110000000000
00001111111111111111110000000000
00001111111111111111110000000000
00001111111111111111111111111000
00001111111111111111111111111000
00001111111111111111111111111000
00000000111111111111111111111000
00000000111111111111111111111000
00000000000000000011111111111111
00000000000000000011111111111111
00000000000000000011111111111111
00000000111000000000001111111111
00000000111000000000001111111111
00000000111000000000001111111111
00001111111111111111111111111000
00001111111111111111111111111000
00001111111111111111110000000000
00001111111111111111110000000000
00001111111111111111110000000000
00000000000000000000000000000000
00000000000000000000000000000000
00000000000000000000000000000000
00000000000000000000000000000000
00000000000000000000000000000000
