00001111111111110000000111111111
00001111111111110000000111111111
00001111111111110000000111111111
00001111111111110000000111111111
00001111111111110000000111111111
00001111111111110000000111111111
00000001111111110000000111111111
00000001111111110000000111111111
00000001111111110000000111111111
00001111111111110000000111111111
00001111111111110000000111111111
00001111111111110000000111111111
00001111111111110000000111111111
00001111111111110000000111111111
00001111111111110000000111111111
00001111111110000000111111111111
00001111111110000000111111111111
00001111111110000000111111111111
00001111111110000000111111111000
00001111111110000000111111111000
00001111111110000000111111111000
00001111111110000000111111111000
00001111111110000000111111111000
00001111111110000000111111111000
00001111111110001111111111111000
00001111111110001111111111111000
00001111111110001111111111111000
00001111111111111111111111111000
00001111111111111111111111111000
00001111111111111111111111111000
00000000000000000000111111111000
00000000000000000000111111111000
