11111111000000000000111111110000
11111111000000000000111111110000
11111111000000000000111111110000
11111111000000000000111111110000
11111111000000000000111111110000
11111111000000000000111111110000
11111111000000000000111111110000
11111111000000000000111111110000
11111111000000000000111111110000
11111111000000000000111111110000
11111111000000000000111111110000
11111111000000000000111111110000
11111111000000000000111111110000
11111111000000000000111111110000
11111111000000000000111111110000
11111111000000000000111111110000
11111111000000000000111111110000
11111111000000000000111111110000
11111111000000000000111111110000
11111111000000000000111111110000
11111111000000000000111111110000
11111111000000000000111111110000
11111111111100001111111111111111
11111111111100001111111111111111
11111111111100001111111111111111
11111111111111111111111111111111
11111111111111111111111111111111
11111111111111111111111111111111
11111111111111111111111111111111
00000000111111111111000011111111
00000000111111111111000011111111
00000000111111111111000011111111
