11111111110000000000000000000000
11111111110000000000000000000000
11111111110000000000000000000000
11111111110000000000000000000000
11111111110000000000000111111000
11111111110000000000000111111000
11111111110000000000000111111000
11111111110000000000000111111000
11111111110000000000000111111000
11111111110000000000000111111000
11111111110000000000000111111000
11111111110000000000000111111000
00001111110000000000111111111000
00001111110000000000111111111000
00001111110000000000111111111000
00001111110000000000111111111000
00001111110000001111111111111000
00001111110000001111111111111000
00001111110000001111111111111000
00001111110000001111111111111000
00001111110001111111111111111000
00001111110001111111111111111000
00001111110001111111111111111000
00001111110001111111111111111000
00001111111111111111000111111000
00001111111111111111000111111000
00001111111111111111000111111000
00001111111111111111000111111000
00000001111111110000000000111111
00000001111111110000000000111111
00000001111111110000000000111111
00000001111111110000000000111111
