00011111111100000000000111111100
00011111111100000000000111111100
00011111111100000000000111111100
00000111111100000000000111110000
00000111111100000000000111110000
00000111111100000000000111110000
00000111111100000000000111110000
00000111111100000000000111110000
00000111111100000000000111111100
00000111111100000000000111111100
00000111111100000000000111111100
00000001111100000000000111111100
00000001111100000000000111111100
00000001111100000000000111111100
00000001111100000000000111111100
00000001111100000000000111111100
00000001111100000000000000111100
00000001111100000000000000111100
00000001111100000000000000111100
00000001111100000000000000111100
00000001111100000000000000111100
00000001111100000000000000111100
00000001111111000000000000111100
00000001111111000000000000111100
00000000001111000000000000111100
00000000001111000000000000111100
00000000001111000000000000111100
00000000001111110000000111111100
00000000001111110000000111111100
00000000001111110000000111111100
00000000000011111111111111110000
00000000000011111111111111110000
