00000000000000000000000000111100
00000000000000000000000000111100
00011110000000000000000000111100
00011110000000000000000000111100
00011110000000000000000000111100
00011110000000000000000000111100
00011110000000000000000000111100
00011110000000000000000000111100
00011110000000000000000000111100
00011110000000000000000000111100
00011110000000000000000000111100
00011110000000000000000000111100
00011110000000000000000000111100
00011110000000000000000000111100
00011110000000000000000000111100
00011110000000000000000000111100
00011110000000000000000000111100
00011110000000000000000000111100
00011110000000000000000000111100
00011110000000000000000000111100
11111111110000000000000000111100
11111111110000000000000000111100
11111111110000000000000111111100
11111111110000000000000111111100
00000111111100000000000111110000
00000111111100000000000111110000
00000001111111000001111111000000
00000001111111000001111111000000
00000000001111111111111111000000
00000000001111111111111111000000
00000000000011111111100000000000
00000000000011111111100000000000
