00000000000000000000001111100000
00000000000000000000001111100000
00000000000000000000001111100000
00000000000000000000001111100000
00000000000000000000001111100000
00011111000000000000001111100000
00011111000000000000001111100000
11111111000000000000001111100000
11111111000000000000001111100000
11111111000000000000001111100000
11111111000000000000001111100000
00011111000000000000001111111100
00011111000000000000001111111100
00011111000000000000001111111100
00011111000000000000001111111100
00011111000000000000001111111100
00011111000000000000001111111100
00011111000000000000001111111100
00011111111000000000001111111100
00011111111000000000001111111100
00011111111000000000001111111100
00011111111000000000001111111100
00011111111000000000001111111100
00011111111000000000001111111100
00011111111111000001111111111100
00011111111111000001111111111100
11111111111111111111111111100000
11111111111111111111111111100000
11111111111111111111111111100000
11111111111111111111111111100000
11100000111111110000000000000000
11100000111111110000000000000000
