00000000000000000000111111000000
00000000000000000000111111000000
00000000000000000000111111000000
00000000000000000000111111000000
00001111110000001111111111000000
00001111110000001111111111000000
00001111110000001111111111000000
00001111110000001111111111000000
00001111110000001111111111000000
00001111110000001111111111000000
00001111110000001111111111000000
00001111110000001111111111000000
00001111110000001111111111000000
00001111110000001111111111000000
00001111110000001111111111000000
00001111110000001111111111000000
00001111110000001111111111000000
00001111110000001111111111000000
00001111110000001111111111000000
00001111110000001111111111000000
00001111110000001111111111000000
00001111110000001111111111000000
00001111110000001111111111000000
00001111110000001111111111000000
00001111110000001111111111000000
00001111111111111111111111111000
00001111111111111111111111111000
00001111111111111111111111111000
00001111111111111111111111111000
00001111111111111111111111000000
00001111111111111111111111000000
00001111111111111111111111000000
