00000000000000000000000000011111
00000000000000000000000000011111
00000000000000000000000000011111
11111100000000000000000011111111
11111100000000000000000011111111
11111100000000000000000011111111
11111100000000000000000011111111
11111100000000000000000011111111
11111100000000000000000011111111
11111100000000000000000011111111
11111111100000000000000011111111
11111111100000000000000011111111
11111111100000000000000011111111
11111111100000000000000000011111
11111111100000000000000000011111
11111111100000000000000000011111
11111111100000000000000000011111
11111111100000000000000000011111
11111111100000000000000011111111
11111111100000000000000011111111
11111111100000000000000011111111
11111111100000000000000011111111
11111111100000000000000011111111
11111111111100000000000011111111
11111111111100000000000011111111
00011111111111111111111111111111
00011111111111111111111111111111
00011111111111111111111111111111
00000011111111111111111111111100
00000011111111111111111111111100
00000000000011111111111111100000
00000000000011111111111111100000
