00001111000000000000111111110000
00001111000000000000111111110000
00001111000000000000111111110000
00001111000000000000111111110000
11111111111100000000111111111111
11111111111100000000111111111111
11111111111100000000111111111111
11111111111100000000111111111111
11111111000000000000111111110000
11111111000000000000111111110000
11111111000000000000111111110000
11111111000000000000111111110000
11111111000000000000111111110000
11111111000000000000111111110000
11111111000000000000111111110000
11111111000000001111111111110000
11111111000000001111111111110000
11111111000000001111111111110000
11111111000000001111111111110000
11111111000000001111111111110000
11111111000000001111111111110000
11111111000000001111111111110000
11111111111111111111111111110000
11111111111111111111111111110000
11111111111111111111111111110000
11111111111111111111111111111111
11111111111111111111111111111111
11111111111111111111111111111111
11111111111111111111111111111111
00001111111111110000111111110000
00001111111111110000111111110000
00001111111111110000111111110000
