00000000000000000000000000000111
00000000000000000000000000000111
00000000000000000000000000000111
00000000000000000000000000000111
00000000000000000000000000000111
00001111110000000000000000000000
00001111110000000000000000000000
00001111111110000000000000000111
00001111111110000000000000000111
00001111111110000000000000111111
00001111111110000000000000111111
00001111111110000000000111111111
00001111111110000000000111111111
00001111111110000000000111111111
00001111111110000000000111111111
00001111111110000000111111111111
00001111111110000000111111111111
00001111111110000000111111111111
00001111111110001111111111000111
00001111111110001111111111000111
00001111111110001111111111000000
00001111111110001111111111000000
00001111111111111111111000000000
00001111111111111111111000000000
00001111111111111111111000000000
00001111111111111111111000000000
00001111111111111111000000000000
00001111111111111111000000000000
00001111111111110000000000000000
00001111111111110000000000000000
00001111111111110000000000000000
00001111111111110000000000000000
