11111100000000000000000000000000
11111100000000000000000000000000
11111100000000000000000000000000
11111100000000000000000000000000
11111111111000000000000000000000
11111111111000000000000000000000
11111111111000000000000000000000
11111111111000000000000000000000
11111111111000000000000000011111
11111111111000000000000000011111
11111111111000000000000000011111
11111111111000000000000000011111
11111111111000000000001111111111
11111111111000000000001111111111
11111111111000000000001111111111
11111111111000000000001111111111
00000011111000001111111111100000
00000011111000001111111111100000
00000011111000001111111111100000
00000011111000001111111111100000
00000011111111111111111111100000
00000011111111111111111111100000
00000011111111111111111111100000
00000011111111111111111111100000
00000011111111111111110000000000
00000011111111111111110000000000
00000011111111111111110000000000
00000011111111111111110000000000
00000011111111111111110000000000
00000011111111111111110000000000
00000011111111111111110000000000
00000011111111111111110000000000
