00000000000000000000000011111111
00000000000000000000000011111111
00000000000000000000000011111111
00000000000000000000000011111111
00000000000000000000000011111111
00000000000000000000000011111111
00000000000000000000000011111111
00001111111100000000000011110000
00001111111100000000000011110000
00001111111100000000000011110000
00001111111100000000111111110000
00001111111100000000111111110000
00001111111100000000111111110000
00001111111100000000111111110000
00001111111100000000111111110000
00001111111100000000111111110000
00000000111111111111111100000000
00000000111111111111111100000000
00000000111111111111111100000000
00000000111111111111111100000000
00000000111111111111111100000000
00000000111111111111111100000000
00000000111111111111111100000000
00000000111111111111111100000000
00000000111111111111111100000000
00000000111111111111111100000000
00000000111111111111111100000000
00000000111111111111111100000000
00000000111111111111111100000000
00000000000011111111000000000000
00000000000011111111000000000000
00000000000011111111000000000000
