00000000000000000000000000001111
00000000000000000000000000001111
00000000000000000000000000001111
11111000000000000000000111111111
11111000000000000000000111111111
11111000000000000000000111111111
11111000000000000000000111110000
11111000000000000000000111110000
11111000000000000000000111110000
11111000000000000000000111110000
11111000000000000000000111110000
11111000000000000000000111110000
11111111110000000000000111110000
11111111110000000000000111110000
11111111110000000000000111110000
00000111110000000000000111110000
00000111110000000000000111110000
00000111110000000000000111110000
00000111111111000001111000000000
00000111111111000001111000000000
00000111111111000001111000000000
00000111111111000001111000000000
00000111111111000001111000000000
00000111111111000001111000000000
00000000001111111111111000000000
00000000001111111111111000000000
00000000001111111111111000000000
00000000001111111110000000000000
00000000001111111110000000000000
00000000001111111110000000000000
00000000000000111110000000000000
00000000000000111110000000000000
