00000000000000000000000001111111
00000000000000000000000001111111
00000000000000000000000001111111
00000000001110000000000001111111
00000000001110000000000001111111
00000000001110000000000001111111
00011111111110000000000001111100
00011111111110000000000001111100
00011111111110000000000001111100
00011111111110000000000001111100
00011111111110000000000001111100
00000111111111100000000001110000
00000111111111100000000001110000
00000111111111100000000001110000
00000000111111100000000111110000
00000000111111100000000111110000
00000000111111100000000111110000
00000000111111100000000111110000
00000000111111100000000111110000
00000000001111111100000110000000
00000000001111111100000110000000
00000000001111111100000110000000
00000000001111111100111110000000
00000000001111111100111110000000
00000000000001111111111110000000
00000000000001111111111110000000
00000000000001111111111110000000
00000000000001111111111000000000
00000000000001111111111000000000
00000000000001111111111000000000
00000000000000011111111000000000
00000000000000011111111000000000
