00011111111111000000000111111111
00011111111111000000000111111111
00011111111111000000000111111111
00000111111111000000000000111100
00000111111111000000000000111100
00000111111111000000000111110000
00000111111111000000000111110000
00000111111111000000000111110000
00000111111111000000000111110000
00000111111111000000000111110000
00000001111111000000011111000000
00000001111111000000011111000000
00000001111111000000011111000000
00000001111111000000011111000000
00000001111111000000011111000000
00000001111111000001111000000000
00000001111111000001111000000000
00000001111111000001111000000000
00000001111111000001111000000000
00000001111111000001111000000000
00000000001111000001100000000000
00000000001111000001100000000000
00000000001111000001100000000000
00000000001111111111100000000000
00000000001111111111100000000000
00000000001111111110000000000000
00000000001111111110000000000000
00000000001111111110000000000000
00000000001111111110000000000000
00000000001111111110000000000000
00000000000011110000000000000000
00000000000011110000000000000000
