00000000000000000000001111111000
00000000000000000000001111111000
00000000000000000000001111111000
00000000000000000000001111111000
00000000000000000000001111111000
00000000000000000000001111111000
00000000000000000000001111111000
00000000000000000000001111111000
00001111111000000011111111111000
00001111111000000011111111111000
00001111111000000011111111111000
00001111111111100011111110000000
00001111111111100011111110000000
00001111111111100011111110000000
00001111111111100011111110000000
00001111111111111111111110000000
00001111111111111111111110000000
00001111111111111111111110000000
00000000111111111111111110000000
00000000111111111111111110000000
00000000111111111111111110000000
00000000111111111111111110000000
00000000111111111111111110000000
00000000111111111111111110000000
00000000111111111111111110000000
00000000000111111111111110000000
00000000000111111111111110000000
00000000000111111111111110000000
00000000000111111111111110000000
00000000000000011111110000000000
00000000000000011111110000000000
00000000000000011111110000000000
