00011111111111000000000000000000
00011111111111000000000000000000
00011111111111000000000000000000
00011111111111110000000000000000
00011111111111110000000000000000
00000011111111000000000000011111
00000011111111000000000000011111
00000011111111000000000000011111
00000011111111000000000000011111
00000011111111000000000000011111
00000011111111000000000011111111
00000011111111000000000011111111
00000011111111000000000011111111
00000000111111000000000011111111
00000000111111000000000011111111
00000000111111110000001111111100
00000000111111110000001111111100
00000000111111110000001111111100
00000000111111110000001111100000
00000000111111110000001111100000
00000000000111110000001111100000
00000000000111110000001111100000
00000000000111110000001111100000
00000000000111110001111100000000
00000000000111110001111100000000
00000000000111110001111100000000
00000000000111110001111100000000
00000000000111110001111100000000
00000000000111111111110000000000
00000000000111111111110000000000
00000000000000111110000000000000
00000000000000111110000000000000
