00000000000000000000000001111100
00000000000000000000000001111100
00000000000000000000000001111100
00000000000000000000000111111100
00000000000000000000000111111100
00011111110000000000000111111100
00011111110000000000000111111100
00011111110000000000000111111100
00011111110000000000000111111100
00011111111110000000000111110000
00011111111110000000000111110000
00000111111110000000111111110000
00000111111110000000111111110000
00000111111111100000111111110000
00000111111111100000111111110000
00000000111111100000111110000000
00000000111111100000111110000000
00000000111111100000111110000000
00000000111111111111111110000000
00000000111111111111111110000000
00000000001111111111111110000000
00000000001111111111111110000000
00000000001111111111111110000000
00000000001111111111111110000000
00000000000001111111111000000000
00000000000001111111111000000000
00000000000001111111111000000000
00000000000001111111111000000000
00000000000001111111111000000000
00000000000001111111111000000000
00000000000000011111000000000000
00000000000000011111000000000000
