11100000000000000000000000000000
11100000000000000000000000000000
11100000000000000000000000000000
11100000000000000000000000000011
11100000000000000000000000000011
11100000000000000000000000000011
11100000000011100000000000000000
11100000000011100000000000000000
11100000011111111100000011111111
11100000011111111100000011111111
11100000011111111100000011111111
11111100011111111100000011111111
11111100011111111100000011111111
11111100011111111100000011111111
11111111111111111100011111111100
11111111111111111100011111111100
11111111111111111111111111111100
11111111111111111111111111111100
11111111111111111111111111111100
11111111111111111111111111111100
11111111111111111111111111111100
11111111111111111111111111111100
11111111111111111111111111100000
11111111111111111111111111100000
00011111111100011111111111100000
00011111111100011111111111100000
00011111111100011111111111100000
00000011111100011111111111100000
00000011111100011111111111100000
00000011111100011111111111100000
00000000000000000000011100000000
00000000000000000000011100000000
