11100000000000000000000000000000
11100000000000000000000000000000
11100000000000000000000000000000
11111100000000000000000000000000
11111100000000000000000000000000
11111100000000000000000000000011
11111100000000000000000000000011
11111100000000000000000000000011
11111100000000110000000000000000
11111100000000110000000000000000
11111100000111111110000011111111
11111100000111111110000011111111
11111100000111111110000011111111
11111111000111111110000011111111
11111111000111111110000011111111
11111111111111111110001111111100
11111111111111111110001111111100
11111111111111111110001111111100
11111111111111111111111111111100
11111111111111111111111111111100
11111111111111111111111111111100
11111111111111111111111111111100
11111111111111111111111111111100
11111111111111111111111111100000
11111111111111111111111111100000
11100011111111001111111111100000
11100011111111001111111111100000
11100011111111001111111111100000
00000000111111001111111111100000
00000000111111001111111111100000
00000000000000000000001100000000
00000000000000000000001100000000
