11110000000000000000000111111000
11110000000000000000000111111000
11110000000000000000000111111000
11110000000000000000000111111000
11111110000000000000000111111000
11111110000000000000000111111000
11111110000000000000000111111000
11111111110001110000000111111000
11111111110001110000000111111000
11111111110001110000000111111000
00001111110001111111000111111000
00001111110001111111000111111000
00001111110001111111000111111000
00001111110001111111000111111000
00001111110001111111000111111000
00001111110001111111000111111000
00001111111111111111111111111111
00001111111111111111111111111111
00001111111111111111111111111111
00001111111111111111111111111111
00000001111111111111111111111111
00000001111111111111111111111111
00000001111111111111111111111111
00000001111111110000000111111111
00000001111111110000000111111111
00000001111111110000000111111111
00000000001111110000000111111111
00000000001111110000000111111111
00000000001111110000000111111111
00000000001111110000000000111000
00000000001111110000000000111000
00000000001111110000000000111000
