00000000000000000000000000001100
00000000000000000000000000001100
00000000000000000000000000001100
00000000000000111110000000111111
00000000000000111110000000111111
00000000000000111110000000111111
11111000000011111111100000111111
11111000000011111111100000111111
11111000000011111111100000111111
11111110000011111111100111111111
11111110000011111111100111111111
11111110000011111111100111111111
11111111110011111111111111111100
11111111110011111111111111111100
11111111110011111111111111111100
00011111111111111111111111111100
00011111111111111111111111111100
00011111111111111111111111111100
00011111111111111111111111111100
00011111111111111111111111111100
00011111111111111111111111111100
00011111111111110001111111110000
00011111111111110001111111110000
00011111111111110001111111110000
00000111111111000001111111110000
00000111111111000001111111110000
00000111111111000001111111110000
00000111111111000000011111110000
00000111111111000000011111110000
00000111111111000000011111110000
00000001111111000000000000000000
00000001111111000000000000000000
