00000000000000011111000000000000
00000000000000011111000000000000
00000000000000011111000000000000
00011000000001111111000000001111
00011000000001111111000000001111
11111110000001111111110000001111
11111110000001111111110000001111
11111110000001111111110000001111
11111110000001111111110000111111
11111110000001111111110000111111
00011110000111111111110000111111
00011110000111111111110000111111
00011110000111111111110000111111
00011111100111111111111100111111
00011111100111111111111100111111
00011111100111100011111100111100
00011111100111100011111100111100
00011111100111100011111100111100
00011111100111100000111111111100
00011111100111100000111111111100
00000111111111100000111111111100
00000111111111100000111111111100
00000111111111100000111111111100
00000111111111100000111111111100
00000111111111100000111111111100
00000111111110000000001111110000
00000111111110000000001111110000
00000111111110000000001111110000
00000001111110000000001111110000
00000001111110000000001111110000
00000001111110000000000011110000
00000001111110000000000011110000
