00000000000000000000000000111111
00000000000000000000000000111111
00000000000000000000000000111111
00000000000001111111000000111111
00000000000001111111000000111111
11111110000001111111000000111111
11111110000001111111000000111111
11111110000001111111000000111111
00011110000001111111110000111111
00011110000001111111110000111111
11111111100111111111110000111111
11111111100111111111110000111111
11111111100111111111110000111111
11111111100111111111111111111100
11111111100111111111111111111100
00011111100111100011111111111100
00011111100111100011111111111100
00011111100111100011111111111100
00011111100111100000111111110000
00011111100111100000111111110000
00000111111111100000111111110000
00000111111111100000111111110000
00000111111111100000111111110000
00000111111111100000111111110000
00000111111111100000111111110000
00000001111111100000001111110000
00000001111111100000001111110000
00000001111111100000001111110000
00000001111110000000001111000000
00000001111110000000001111000000
00000001111110000000000000000000
00000001111110000000000000000000
