11111100000000000000000000000000
11111100000000000000000000000000
11111100000000000000000000000000
11111100000000000000000000000000
11111100000000111110000000011111
11111100000000111110000000011111
11111100000000111110000000011111
11111100000000111110000000011111
00011111000111111110000011111111
00011111000111111110000011111111
00011111000111111110000011111111
00011111000111111111110011111100
00011111000111111111110011111100
00011111000111111111110011111100
00011111000111111111110011111100
00000011111111111111110011111100
00000011111111111111110011111100
00000011111111111111110011111100
00000011111111001111111111100000
00000011111111001111111111100000
00000011111111001111111111100000
00000011111111001111111111100000
00000011111111000001111111100000
00000011111111000001111111100000
00000011111111000001111111100000
00000000111111000001111111100000
00000000111111000001111111100000
00000000111111000001111111100000
00000000111111000001111111100000
00000000000000000000001100000000
00000000000000000000001100000000
00000000000000000000001100000000
