00000000000000000000000000000011
00000000000000000000000000000011
00000000000000000000000000000011
00000000000000000000000000011111
00000000000000000000000000011111
11100000000000111110000000011111
11100000000000111110000000011111
11111100000000111111110000011111
11111100000000111111110000011111
11111100000000111111110000011111
11111100000000111111110000011111
11111100000000111111110000011111
11111111000000111111110000011111
11111111000000111111110000011111
00011111000111111111111111111111
00011111000111111111111111111111
00011111000111111111111111111100
00011111000111111111111111111100
00011111000111111111111111111100
00011111111111110001111111111100
00011111111111110001111111111100
00000011111111110000001111111100
00000011111111110000001111111100
00000011111111110000001111111100
00000011111111110000001111111100
00000011111111110000001111111100
00000000111111110000001111111100
00000000111111110000001111111100
00000000111111000000000011100000
00000000111111000000000011100000
00000000111111000000000000000000
00000000111111000000000000000000
