00000000000000000000000111111100
00000000000000000000000111111100
00000000000000000000000111111100
00000000000000000000000111111100
00000000000000111110000000111100
00000000000000111110000000111100
00000000000000111110000000111100
00011111110000111111100000111100
00011111110000111111100000111100
00011111110000111111100000111100
11111111110000111111100000111100
11111111110000111111100000111100
11111111110000111111100000111100
00011111110000111111111000111100
00011111110000111111111000111100
00011111110000111111111000111100
00000111111100110001111111111100
00000111111100110001111111111100
00000111111100110001111111111100
00000111111100110001111111111100
00000111111111110001111111111111
00000111111111110001111111111111
00000111111111110001111111111111
00000001111111110000011111111100
00000001111111110000011111111100
00000001111111110000011111111100
00000000001111110000000111111100
00000000001111110000000111111100
00000000001111110000000111111100
00000000001111110000000000000000
00000000001111110000000000000000
00000000001111110000000000000000
