00000000000000011111000000011111
00000000000000011111000000011111
00000000000000011111000000011111
00000000000000011111000000011111
00000000000000011111000000011111
00111100000001111111110000011111
00111100000001111111110000011111
11111111000001111111110000011111
11111111000001111111110000011111
11111111000001111111110000011111
00111111000001111111110001111110
00111111000001111111110001111110
00111111100001110011111101111110
00111111100001110011111101111110
00001111100001110011111101111110
00001111100001110011111101111110
00001111111001110000111111111110
00001111111001110000111111111110
00001111111001110000111111111110
00000011111111110000111111111000
00000011111111110000111111111000
00000011111111110000001111111000
00000011111111110000001111111000
00000000111111110000001111111000
00000000111111110000001111111000
00000000111111110000001111111000
00000000111111100000000011111000
00000000111111100000000011111000
00000000111111100000000000000000
00000000111111100000000000000000
00000000011110000000000000000000
00000000011110000000000000000000
