00011110000000000000000000000000
00011110000000000000000000000000
00011110000000000000000000000000
11111110000000000000000000000000
11111110000000000000000000000000
11111110000000000000000000000000
00011110000011111110000000111100
00011110000011111110000000111100
00011110000011111110000000111100
00011110000011111110000111110000
00011110000011111110000111110000
00011110000011111110000111110000
00011111111111111111111111110000
00011111111111111111111111110000
00011111111111111111111111110000
00011111111111111111111111110000
00011111111111111111111111110000
00011111111111111111111111110000
00011111111111111111111111000000
00011111111111111111111111000000
00011111111111111111111111000000
00011111111111111111111111000000
00011111111111111111111111000000
00011111111111111111111111000000
00000111111100111111111000000000
00000111111100111111111000000000
00000111111100111111111000000000
00000000000000111111111000000000
00000000000000111111111000000000
00000000000000111111111000000000
00000000000000001111100000000000
00000000000000001111100000000000
