00011000000000000000000000000011
00011000000000000000000000000011
00011000000000000000000000000011
11111110000000000000000000001111
11111110000000000000000000001111
11111110000000000000000000001111
11111110000000000011000000001111
11111110000000000011000000001111
11111110000000000011000000001111
11111110000000011111000000111100
11111110000000011111000000111100
11111110000000011111000000111100
11111110000000011111110000111100
11111110000000011111110000111100
11111110000000011111110000111100
00011110000001111111110000111100
00011110000001111111110000111100
00011110000001111111110000111100
00011110000001111111110000110000
00011110000001111111110000110000
00011110000001111111110000110000
00000111100111100011111111110000
00000111100111100011111111110000
00000111100111100011111111110000
00000111111111100000111111110000
00000111111111100000111111110000
00000111111111100000111111110000
00000001111110000000111111110000
00000001111110000000111111110000
00000001111110000000111111110000
00000001111000000000001111000000
00000001111000000000001111000000
