11111000000000000000000000000000
11111000000000000000000000000000
11111000000000011100000000000000
11111000000000011100000000000000
11111110000001111111000000000000
11111110000001111111000000000000
11111110000001111111000000001111
11111110000001111111000000001111
00011110000001111111110000111111
00011110000001111111110000111111
00011111100111111111110000111111
00011111100111111111110000111111
00011111100111111111110000111111
00011111100111111111110000111111
00011111100111111111110011111111
00011111100111111111110011111111
00000111111111111111111111111100
00000111111111111111111111111100
00000111111111100011111111111100
00000111111111100011111111111100
00000111111111100011111111111100
00000111111111100011111111111100
00000111111111100011111111110000
00000111111111100011111111110000
00000001111110000000111111110000
00000001111110000000111111110000
00000001111110000000111111110000
00000001111110000000111111110000
00000001111110000000111111110000
00000001111110000000111111110000
00000000000000000000001111000000
00000000000000000000001111000000
