00000000000000000000000000011111
00000000000000000000000000011111
00000000000000000000000000011111
00000000000000000000000000011111
11111100000011111111100000011111
11111100000011111111100000011111
11111100000011111111100000011111
11111100000011111111100000011111
11111100000011111111100000011111
11111100000011111111100000011111
11111100000011111111111100011111
11111100000011111111111100011111
11111100000011111111111100011111
11111111111111111111111111111111
11111111111111111111111111111111
11111111111111111111111111111111
11111111111111100011111111111100
11111111111111100011111111111100
11111111111111100011111111111100
11111111111111100011111111111100
11111111111111100011111111111100
11111111111111100011111111111100
11111111111111100011111111111100
11111111111111100000011111111100
11111111111111100000011111111100
11111111111111100000011111111100
11100011111111100000011111111100
11100011111111100000011111111100
11100011111111100000011111111100
00000011111100000000000000000000
00000011111100000000000000000000
00000011111100000000000000000000
