00011000000001111111000000000000
00011000000001111111000000000000
00011000000001111111000000000000
11111000000001111111000000001111
11111000000001111111000000001111
11111000000001111111000000001111
11111000000001111111000000001111
11111000000001111111000000001111
11111111001111111111111001111111
11111111001111111111111001111111
11111111001111111111111001111111
11111111001111111111111001111111
11111111001111111111111001111111
11111111001111111111111001111111
00011111001111100011111001111111
00011111001111100011111001111111
00011111111111100011111111111100
00011111111111100011111111111100
00011111111111100011111111111100
00011111111111100011111111111100
00011111111111100011111111111100
00011111111111100011111111111100
00011111111110000000111111111100
00011111111110000000111111111100
00000111111110000000111111111100
00000111111110000000111111111100
00000111111110000000111111111100
00000111111110000000111111110000
00000111111110000000111111110000
00000111111110000000111111110000
00000111110000000000000111110000
00000111110000000000000111110000
