00011000000000000000000000000000
00011000000000000000000000000000
00011000000000000000000000000000
11111110000000000000000000000000
11111110000000000000000000000000
11111000000000000000000000001111
11111000000000000000000000001111
11111000000000000000000000001111
11111000000000000011000000001111
11111000000000000011000000001111
11111000000000011111000000001111
11111000000000011111000000001111
11111000000000011111000000001111
11111000000001111111000000001111
11111000000001111111000000001111
11111000000111111111000000001111
11111000000111111111000000001111
11111000000111111111000000001111
11111000011111100011000000111111
11111000011111100011000000111111
11111111111110000011110000111100
11111111111110000011110000111100
11111111111110000011110000111100
11111111111000000011110011111100
11111111111000000011110011111100
00011111100000000011111111110000
00011111100000000011111111110000
00011111100000000011111111110000
00011110000000000000111111110000
00011110000000000000111111110000
00000000000000000000001111000000
00000000000000000000001111000000
