00000000000000000000000000000111
00000000000000000000000000000111
00000000000000000000000000000111
00000001111110000000000000111111
00000001111110000000000000111111
11110001111110000000000111111111
11110001111110000000000111111111
11110001111110000000000111111111
00000001111110000000000111111000
00000001111110000000000111111000
00000001111111110000111111000000
00000001111111110000111111000000
00000001111111110000111111000000
00000000001111111111111000000000
00000000001111111111111000000000
00000000001111111111000000000000
00000000001111111111000000000000
00000000001111111111000000000000
00000001111111111111000000000000
00000001111111111111000000000000
00001111111111111111111000000000
00001111111111111111111000000000
00001111111111111111111000000000
11111111110001111111111111000000
11111111110001111111111111000000
11111110000000001111111111000000
11111110000000001111111111000000
11111110000000001111111111000000
11110000000000000000111111000000
11110000000000000000111111000000
11110000000000000000000000000000
11110000000000000000000000000000
