11111111111000000001111111111100
11111111111000000001111111111100
11111111111000000001111111111100
00011111111000000001111111111100
00011111111000000001111111111100
00011111111111000001111111100000
00011111111111000001111111100000
00011111111111000001111111100000
00000011111111111111111100000000
00000011111111111111111100000000
00000000111111111111110000000000
00000000111111111111110000000000
00000000111111111111110000000000
00000000000111111111110000000000
00000000000111111111110000000000
00000000000111111111110000000000
00000000000111111111110000000000
00000000000111111111110000000000
00000000000111111111111100000000
00000000000111111111111100000000
00000000111111111111111111100000
00000000111111111111111111100000
00000000111111111111111111100000
00000000111111000001111111111100
00000000111111000001111111111100
00000011111000000000001111111100
00000011111000000000001111111100
00000011111000000000001111111100
00011111111111000000001111111111
00011111111111000000001111111111
00011111111000000000001111111111
00011111111000000000001111111111
