00011111000000000000000000000000
00011111000000000000000000000000
00000111110000000000000000000000
00000111110000000000000000000000
00000111111110000000000000000000
00000111111110000000000000000000
00000000111110000000000000000000
00000000111110000000000000000000
00000000111111100000000000000011
00000000111111100000000000000011
00000000001111111100000001111111
00000000001111111100000001111111
00000000001111111100111111111100
00000000001111111100111111111100
00000000000001111111111111110000
00000000000001111111111111110000
00000000000001111111111000000000
00000000000001111111111000000000
00000000000001111111111000000000
00000000000001111111111110000000
00000000000001111111111110000000
00000000000001111100111111110000
00000000000001111100111111110000
00000000001111111100000111110000
00000000001111111100000111110000
00000000001111100000000001111111
00000000001111100000000001111111
00000000001111100000000000001111
00000000001111100000000000001111
00000000000000000000000000000011
00000000000000000000000000000011
00000000000000000000000000000011
