00000011000000000000000000000000
00000011000000000000000000000000
00000011000000000000000000000000
00011111111000000000000000000011
00011111111000000000000000000011
00000011111000000000000011111111
00000011111000000000000011111111
00000011111111000000001111111111
00000011111111000000001111111111
00000011111111000000001111111111
00000000111111000001111111100000
00000000111111000001111111100000
00000000111111111111110000000000
00000000111111111111110000000000
00000000000111111110000000000000
00000000000111111110000000000000
00000000000111111110000000000000
00000000000111111110000000000000
00000000000111111110000000000000
00000000111111111110000000000000
00000000111111111110000000000000
00011111111000111111110000000000
00011111111000111111110000000000
11111111000000001111110000000000
11111111000000001111110000000000
11111111000000001111110000000000
11111100000000001111111100000000
11111100000000001111111100000000
00000000000000000001111111100000
00000000000000000001111111100000
00000000000000000000001111100000
00000000000000000000001111100000
