00000000111110000000000000000000
00000000111110000000000000000000
00000000111110000000000000000000
00000000111110000000000000000000
00000000111110000000000000000000
00000000001110000000000000000000
00000000001110000000000000000000
00000000001111100000000001111111
00000000001111100000000001111111
00000000001111100000000001111111
00000000001111100000111111111111
00000000001111100000111111111111
00000000000001111111111111110000
00000000000001111111111111110000
00000000001111111111111000000000
00000000001111111111111000000000
00000000111111111111000000000000
00000000111111111111000000000000
00000000111111111111000000000000
00011111110000011111000000000000
00011111110000011111000000000000
11111111000000000011000000000000
11111111000000000011000000000000
11111000000000000011111000000000
11111000000000000011111000000000
11111000000000000011111000000000
11100000000000000011111000000000
11100000000000000011111000000000
00000000000000000000111110000000
00000000000000000000111110000000
00000000000000000000111110000000
00000000000000000000111110000000
