00000111111111100000000000000000
00000111111111100000000000000000
00000111111111100000000000000000
00000000111111111100000001111111
00000000111111111100000001111111
00000000001111111100000001111111
00000000001111111100000001111111
00000000001111111100000111111100
00000000001111111100000111111100
00000000001111111100000111111100
00000000001111111111111110000000
00000000001111111111111110000000
00000000000001111111111110000000
00000000000001111111111110000000
00000000000001111111111000000000
00000000000001111111111000000000
00000000001111111111000000000000
00000000001111111111000000000000
00000000001111111111000000000000
00000000111111111111111000000000
00000000111111111111111000000000
11111111111110011111111000000011
11111111111110011111111000000011
11111111110000011111111110000011
11111111110000011111111110000011
11111111110000011111111110000011
00011111110000000011111110000000
00011111110000000011111110000000
00000000000000000011111111110000
00000000000000000011111111110000
00000000000000000011111111110000
00000000000000000011111111110000
