00000000011100000000000000011111
00000000011100000000000000011111
00000000011100000000000000011111
00000000011100000000000000011111
00000011111111100000000011111111
00000011111111100000000011111111
00000011111111100000000011111111
00000011111111100000000011111111
00000011111111100000000011111111
00000011111111100000000011111111
00000000011111111100011111111100
00000000011111111100011111111100
00000000011111111100011111111100
00000000011111111111111111100000
00000000011111111111111111100000
00000000011111111111111111100000
00000000000011111111111100000000
00000000000011111111111100000000
00000000000011111111111100000000
00000000000011111111111100000000
00000000011111111111111100000000
00000000011111111111111100000000
00000000011111111111111100000000
11111111111111111111111111111100
11111111111111111111111111111100
11111111111111111111111111111100
11111111111100000011111111111100
11111111111100000011111111111100
11111111111100000011111111111100
11111111100000000000000011111100
11111111100000000000000011111100
11111111100000000000000011111100
