00000011111100000000000000000000
00000011111100000000000000000000
00000011111100000000000000000000
00000011111111111100000000000000
00000011111111111100000000000000
00000000011111111100000011111111
00000000011111111100000011111111
00000000011111111100000011111111
00000000011111111100000011111111
00000000011111111100000011111111
00000000011111111100000011111100
00000000011111111100000011111100
00000000011111111100011111111100
00000000011111111100011111111100
00000000000011111111111111100000
00000000000011111111111111100000
00000000000011111111111111100000
00000000000011111111111111100000
00000000000011111111111111100000
00000000000011111111111100000000
00000000000011111111111100000000
00000000000011111111111100000011
00000000000011111111111100000011
11100000000011111111100000000000
11100000000011111111100000000000
11100000000011111111100000000000
11100000000011111111100000000000
11100000000011111111100000000000
11111100011111111100000000000000
11111100011111111100000000000000
00011111111111100000000000000000
00011111111111100000000000000000
