00000000000000000001111111000000
00000000000000000001111111000000
00000000000000000001111111000000
11111000000000001111111111000000
11111000000000001111111111000000
11100000000000001111111111000000
11100000000000001111111111000000
00000000000011111111111111000000
00000000000011111111111111000000
00000000001111111110011111000000
00000000001111111110011111000000
00000001111111110000011111000000
00000001111111110000011111000000
00000001111111110000011111110000
00000001111111110000011111110000
00011111111111111111111111110000
00011111111111111111111111110000
00011111111111111111111111110000
00011111111111111111111111110000
00011111111111111111111111110000
11111110000000000000000111111100
11111110000000000000000111111100
11111000000000000000000000111100
11111000000000000000000000111100
00000000000000000000000000111111
00000000000000000000000000111111
00000000000000000000000000111111
00000000000000000000000000111111
00000000000000000000000000001111
00000000000000000000000000001111
00000000000000000000000000001111
00000000000000000000000000001111
