00000000000000001110000000000000
00000000000000001110000000000000
00000000000000001110000000000000
00000000000000111110000000000000
00000000000000111110000000000000
00000000000111111111110000000000
00000000000111111111110000000000
00000000000111111111110000000000
00000000000111111111110000000000
00000000000111111111110000000000
00000000111111001111110000000000
00000000111111001111110000000000
00000000111111001111110000000000
00000000111111001111111100000000
00000000111111001111111100000000
00000011111000001111111100000000
00000011111000001111111100000000
00000011111000001111111100000000
00000011111111111111111111100000
00000011111111111111111111100000
00011111111111111111111111100000
00011111111111111111111111100000
00011111111111111111111111100000
11111111111111000000001111111100
11111111111111000000001111111100
11111100000000000000000011111111
11111100000000000000000011111111
11111100000000000000000011111111
11100000000000000000000011111111
11100000000000000000000011111111
11100000000000000000000000000000
11100000000000000000000000000000
