00000000000000000000110000000000
00000000000000000000110000000000
00000000000000000000110000000000
00000000000000000011111100000000
00000000000000000011111100000000
00000000000000011111111100000000
00000000000000011111111100000000
00000000000001111111111100000000
00000000000001111111111100000000
00000000000111111100111100000000
00000000000111111100111100000000
00000000000111100000001100000000
00000000000111100000001100000000
00000000011110000000001111000000
00000000011110000000001111000000
00000001111111111111111111000000
00000001111111111111111111000000
00000001111111111111111111000000
00000111111111111111111111000000
00000111111111111111111111000000
00011111100000000000000011110000
00011111100000000000000011110000
11111110000000000000000011110000
11111110000000000000000011110000
11111000000000000000000011110000
11111000000000000000000011110000
00000000000000000000000000111100
00000000000000000000000000111100
00000000000000000000000000111100
00000000000000000000000000111100
00000000000000000000000000001111
00000000000000000000000000001111
