00000000000000111111110000000000
00000000000000111111110000000000
00000000000000111111110000000000
00000000000000111111110000000000
00000000000000111111110000000000
00000000000111111111110000000000
00000000000111111111110000000000
00000000000111111111110000000000
00000000000111111111110000000000
00000000000111111111110000000000
00000000111111001111111100000000
00000000111111001111111100000000
11100011111111000001111100000000
11100011111111000001111100000000
11111111111111111111111111100000
11111111111111111111111111100000
11111111111111111111111111100000
11111111111111111111111111100000
11111111111111111111111111100000
11111111111111111111111111100000
11111111111111111111111111100000
11111100000000000000001111111100
11111100000000000000001111111100
11100000000000000000001111111100
11100000000000000000001111111100
11100000000000000000001111111100
00000000000000000000000011111111
00000000000000000000000011111111
00000000000000000000000000011111
00000000000000000000000000011111
00000000000000000000000000011111
00000000000000000000000000011111
