00000000000000011100000000000000
00000000000000011100000000000000
00000000000000011100000000000000
00000000000001111111000000000000
00000000000001111111000000000000
00000000000001111111000000000000
00000000000001111111000000000000
00000000001111111111111000000000
00000000001111111111111000000000
00000000001111111111111000000000
00000000001111111111111000000000
00000000001110000011111110000000
00000000001110000011111110000000
00000000111110000011111110000000
00000000111110000011111110000000
00000000111110011111111111110000
00000000111110011111111111110000
00000000111110011111111111110000
00000111111111111111111111111100
00000111111111111111111111111100
00000111111111111100000111111111
00000111111111111100000111111111
00011111111110000000000001111111
00011111111110000000000001111111
00011111000000000000000000001111
00011111000000000000000000001111
11111111000000000000000000000000
11111111000000000000000000000000
11111000000000000000000000000000
11111000000000000000000000000000
11111000000000000000000000000000
11111000000000000000000000000000
