00000000000000111110000000000000
00000000000000111110000000000000
00000000000000111110000000000000
00000000000111111110000000000000
00000000000111111110000000000000
00000000000111111110000000000000
00000000111111111111110000000000
00000000111111111111110000000000
00000000111111111111110000000000
00000000111111111111110000000000
00000000111111111111110000000000
00000000111000111111111100000000
00000000111000111111111100000000
00000000111000111111111100000000
00000011111000111111111100000000
00000011111000111111111100000000
00000011111111111111111111100000
00000011111111111111111111100000
00000011111111111111111111100000
00000011111111111111111111100000
00000011111111111111111111100000
00000011111111111111111111100000
00011111111000000001111111111100
00011111111000000001111111111100
00011111000000000000001111111111
00011111000000000000001111111111
00011111000000000000001111111111
11111111111000000001111111100000
11111111111000000001111111100000
11111111111000000001111111100000
00000011000000000000000000000000
00000011000000000000000000000000
