00000000000000011100000000000000
00000000000000011100000000000000
00000000000000011100000000000000
11111111111111111111111100000000
11111111111111111111111100000000
11111111111111111111111111100000
11111111111111111111111111100000
11111111111111111111111111100000
11111111100000000011111111100000
11111111100000000011111111100000
11111100000000000011111111100000
11111100000000000011111111100000
11111100000000000011111111100000
11111111111111111111111111100000
11111111111111111111111111100000
11111111111111111111111111100000
11111111111111111111111111100000
11111111111111111111111111100000
11111111111100000011111111111100
11111111111100000011111111111100
11111111100000000000000011111111
11111111100000000000000011111111
11111111100000000000000011111111
11111111100000000000000011111111
11111111100000000000000011111111
11111111111111111111111111111111
11111111111111111111111111111111
11111111111111111111111111111111
00011111111111111111111111111100
00011111111111111111111111111100
00011111111111111111111111100000
00011111111111111111111111100000
