11111111111111111100000000000000
11111111111111111100000000000000
11111111111111111100000000000000
11111111111111111111111110000000
11111111111111111111111110000000
11111111000000000011111111110000
11111111000000000011111111110000
11111111110000000000111111110000
11111111110000000000111111110000
11111111110000000000111111110000
11111111110000000000111111110000
11111111110000000000111111110000
11111111111111111111111110000000
11111111111111111111111110000000
11111111111111111111111111111100
11111111111111111111111111111100
11111111110000000000000111111100
11111111110000000000000111111100
11111111110000000000000111111100
11111111110000000000000001111111
11111111110000000000000001111111
11111111110000000000000001111111
11111111110000000000000001111111
11111111110000000000000001111100
11111111110000000000000001111100
11111111110000000000000001111100
11111111111111111100000111111100
11111111111111111100000111111100
11100111111111111111111111110000
11100111111111111111111111110000
11100000000000000000000000000000
11100000000000000000000000000000
