00000000000011111111111111111111
00000000000011111111111111111111
00000000000011111111111111111111
00011111111111111111111111111111
00011111111111111111111111111111
00011111111111111111111111111111
11111111100000000000011111111111
11111111100000000000011111111111
00011111100000000000011111111100
00011111100000000000011111111100
00011111100000000000011111111100
00011111100000000011111111100000
00011111100000000011111111100000
00011111100000000011111111100000
00011111111111111111111111111100
00011111111111111111111111111100
00011111100000000000011111111111
00011111100000000000011111111111
00011111100000000000011111111111
00011111100000000000000011111111
00011111100000000000000011111111
00011111100000000000000011111111
00011111100000000000000011111111
00011111100000000000000011111111
00011111100000000000011111111100
00011111100000000000011111111100
00011111100000000000011111111100
00011111111111111111111111100000
00011111111111111111111111100000
00011111111111111111111111100000
11111111111111100000000000000000
11111111111111100000000000000000
