00000000000000001111111111111111
00000000000000001111111111111111
00000000000000001111111111111111
00000011111111111111111111111111
00000011111111111111111111111111
00011111111111111111110011111111
00011111111111111111110011111111
00000011111000000000000011111100
00000011111000000000000011111100
00000011111000000000001111111100
00000011111000000000001111111100
00000011111000000001111111100000
00000011111000000001111111100000
00000011111000111111111111111100
00000011111000111111111111111100
00000011000111111111111111111100
00000011000111111111111111111100
00000011000111111111111111111100
00011111000000110000000011111111
00011111000000110000000011111111
00011111000000000000000011111100
00011111000000000000000011111100
00011111000000000000001111111100
00011111000000000000001111111100
11111111000000000001111111100000
11111111000000000001111111100000
11111111000000111111111100000000
11111111000000111111111100000000
00011100111111111111110000000000
00011100111111111111110000000000
00000000111111110000000000000000
00000000111111110000000000000000
