11111111111111110000000000000000
11111111111111110000000000000000
11111111111111110000000000000000
11111111111111111111111100000000
11111111111111111111111100000000
11111111111111111111111100000000
11111111111111111111111111110000
11111111111111111111111111110000
11111111000000001111111111110000
11111111000000001111111111110000
11111111000000001111111111110000
11111111111111111111111111110000
11111111111111111111111111110000
11111111111111111111111111110000
11111111111111111111111100000000
11111111111111111111111100000000
11111111111111111111111111111111
11111111111111111111111111111111
11111111111111111111111111111111
11111111111111110000111111111111
11111111111111110000111111111111
11111111111111110000111111111111
11111111111100000000111111111111
11111111111100000000111111111111
11111111111111111111111111111111
11111111111111111111111111111111
11111111111111111111111111111111
11111111111111111111111111111111
11111111111111111111111111111111
11111111111111111111111111111111
00001111111111111111000000000000
00001111111111111111000000000000
