00000000000000000000000000001111
00000000000000000000000000001111
00000000000000001111111111111111
00000000000000001111111111111111
00011111111111111111111111111100
00011111111111111111111111111100
00011111111111000000011111111100
00011111111111000000011111111100
00011111111100000000011111111100
00011111111100000000011111111100
00011111111100000000011111110000
00011111111100000000011111110000
00011111111100000001111111110000
00011111111100000001111111110000
00011111111111111111111111111100
00011111111111111111111111111100
00011111111111111111111111111100
00011111111111111111111111111100
00011111111100000000011111111100
00011111111100000000011111111100
11111111110000000000000111111100
11111111110000000000000111111100
11111111110000000000011111111100
11111111110000000000011111111100
11111111110000000000011111110000
11111111110000000000011111110000
11111111110000001111111111000000
11111111110000001111111111000000
11111111111111111111100000000000
11111111111111111111100000000000
11111111111100000000000000000000
11111111111100000000000000000000
