00000000110000000000000000000000
00000000110000000000000000000000
00000111111111111111000000000000
00000111111111111111000000000000
00000111111111111111111110000000
00000111111111111111111110000000
00000111111110011111111111110000
00000111111110011111111111110000
00000111110000000000000111111100
00000111110000000000000111111100
00000111110000000000000001111111
00000111110000000000000001111111
00011111110000000000000000001111
00011111110000000000000000001111
00011111000000000000000000001111
00011111000000000000000000001111
00011111000000000000000000001111
00011111000000000000000000001111
00011111000000000000000000001111
00011111000000000000000000001111
11111111000000000000000001111111
11111111000000000000000001111111
11111111000000000000111111111111
11111111000000000000111111111111
11111111111111111111111111111100
11111111111111111111111111111100
11111111111111111111111000000011
11111111111111111111111000000011
11111111000000000000000000000011
11111111000000000000000000000011
00000000000000000000000000000011
00000000000000000000000000000011
