00000111111111111111111111110000
00000111111111111111111111110000
00000111111111111111111111110000
11111111111111111111111111111111
11111111111111111111111111111111
11111111111111111111111111111111
11111111111111111111111111111111
11111111110000000000000111111111
11111111110000000000000111111111
11111111110000000000000111111111
00011111110000000000000000111111
00011111110000000000000000111111
11111111110000000000000000111100
11111111110000000000000000111100
11111110000000000000000000111100
11111110000000000000000000111100
11111110000000000000000111110000
11111110000000000000000111110000
11111110000000000000000111110000
11111110000000000000011111000000
11111110000000000000011111000000
11111110000000000001111111000000
11111110000000000001111111000000
00011110000000111111111000000000
00011110000000111111111000000000
00011110000000111111111000000000
00011111111111111110000000000000
00011111111111111110000000000000
00011111111111000000000000000000
00011111111111000000000000000000
00000110000000000000000000000000
00000110000000000000000000000000
