11111111111111111111111111110000
11111111111111111111111111110000
11111111111111111111111111110000
11111111111110011111111111111100
11111111111110011111111111111100
11111111000000000000111111111100
11111111000000000000111111111100
11111111000000000000111111111100
11111111000000000000111111111111
11111111000000000000111111111111
11111111000000000000000111111111
11111111000000000000000111111111
11111111000000000000000111111111
11111111000000000000000111111111
11111111000000000000000111111111
11111111000000000000000111111111
11111111000000000000000111111111
11111111000000000000000111111111
11111111000000000000000111111100
11111111000000000000000111111100
11111111000000000000111111111100
11111111000000000000111111111100
11111111000000000000111111111100
11111111000000000000111111110000
11111111000000000000111111110000
11111111000000000011111110000000
11111111000000000011111110000000
11111111000000000011111110000000
11111111110000011111111000000000
11111111110000011111111000000000
11111111111111111111000000000000
11111111111111111111000000000000
