00000111111111111111111110000000
00000111111111111111111110000000
00000111111111111111111110000000
00000111111111111111111111111100
00000111111111111111111111111100
00000111111111111111111111111100
00000111111111111111111111111100
00000111110000000000000001111111
00000111110000000000000001111111
00000111110000000000000001111111
00000111110000000000000001111111
00000111110000000000000001111111
00011111110000000000000001111111
00011111110000000000000001111111
00011111000000000000000001111111
00011111000000000000000001111111
00011111000000000000000111111100
00011111000000000000000111111100
00011111000000000000000111111100
11111111000000000000111111111100
11111111000000000000111111111100
11111111000000000011111110000000
11111111000000000011111110000000
11111111000001111111111000000000
11111111000001111111111000000000
11111111000001111111111000000000
11111111111111111100000000000000
11111111111111111100000000000000
11111111110000000000000000000000
11111111110000000000000000000000
11111000000000000000000000000000
11111000000000000000000000000000
