00000000000000000000111111111111
00000000000000000000111111111111
00000000000000000000111111111111
00000000111111111111111111111111
00000000111111111111111111111111
00001111111111111111111111110000
00001111111111111111111111110000
00001111111111111111111111110000
00001111111111110000000000000000
00001111111111110000000000000000
00001111111111110000000000000000
00001111111111110000000000000000
00001111111111110000000000000000
00001111111111111111111111110000
00001111111111111111111111110000
00001111111111111111111111111111
00001111111111111111111111111111
00001111111111111111111111111111
00001111111111111111111111111111
00001111111111111111111111111111
00000000000000000000111111111111
00000000000000000000111111111111
00000000000000000000111111111111
00000000000000000000111111111111
00000000000000000000111111111111
00001111111100001111111111110000
00001111111100001111111111110000
00001111111100001111111111110000
00001111111111111111111111110000
00001111111111111111111111110000
00000000111111111111000000000000
00000000111111111111000000000000
