00000000001111111111111000000000
00000000001111111111111000000000
00000000001111111111111000000000
11111111111111110000000000000000
11111111111111110000000000000000
11111111110000000000000000000000
11111111110000000000000000000000
11111111110000000000000000000000
11111111110000000000000000000000
11111111110000000000000000000000
11111111110001111111111000000000
11111111110001111111111000000000
11111111111111111111111111000000
11111111111111111111111111000000
11111111110001111111111111111000
11111111110001111111111111111000
11111110000000001111111111111000
11111110000000001111111111111000
11111110000000001111111111111000
00000000000000001111111111111000
00000000000000001111111111111000
00000000000000001111111111111000
00000000000000001111111111111000
11111110000000001111111111000000
11111110000000001111111111000000
11111110000000001111111111000000
11111111110001111111111000000000
11111111110001111111111000000000
11111111111111111111000000000000
11111111111111111111000000000000
00001111110000000000000000000000
00001111110000000000000000000000
