00000000000111111111111110000000
00000000000111111111111110000000
11111111111111111111111110000000
11111111111111111111111110000000
11111111111111100000000000000000
11111111111111100000000000000000
11111111000000000000000000000000
11111111000000000000000000000000
11111111000000000000000000000000
11111111000000000000000000000000
11111111111111111111110000000000
11111111111111111111110000000000
11111111111111111111111110000000
11111111111111111111111110000000
11111111111000000011111111111000
11111111111000000011111111111000
11111111000000000011111111111000
00000000000000000000001111111000
00000000000000000000001111111000
00000000000000000011111111111000
00000000000000000011111111111000
11111111111000011111111110000000
11111111111000011111111110000000
11111111111111111111111110000000
11111111111111111111111110000000
11111111111111111100000000000000
11111111111111111100000000000000
11110000000000000000000000000000
11110000000000000000000000000000
11110000000000000000000000000000
11110000000000000000000000000000
11110000000000000000000000000000
