11111111111111111111111110000000
11111111111111111111111110000000
11111111111111111111111110000000
11111111111111111111111110000000
11111111111111111111111110000000
11111111111111111111111110000000
11111111111000000000000000000000
11111111111000000000000000000000
11111111111000000000000000000000
11111111111000000000000000000000
11111111111000000000000000000000
00001111111111100000000000000000
00001111111111100000000000000000
00001111111111100000000000000000
00001111111111111111111110000000
00001111111111111111111110000000
00001111111111111111111111111111
00001111111111111111111111111111
00001111111111111111111111111111
00000000000000000011111111111111
00000000000000000011111111111111
00000000000000000011111111111111
00000000000000000000001111111111
00000000000000000000001111111111
00001111000000000011111111111111
00001111000000000011111111111111
00001111000000000011111111111111
00001111111111111111111111111000
00001111111111111111111111111000
00001111111111111111111111111000
00001111111111111111111110000000
00001111111111111111111110000000
