00000000111111110000000011111111
00000000111111110000000011111111
00000000111111110000000011111111
00000000111111111111111111111111
00000000111111111111111111111111
00000000111111111111111111111111
00000000111111111111111111111111
00000000111111111111111111111111
00001111111111111111111111111111
00001111111111111111111111111111
00001111111111110000000000001111
00001111111111110000000000001111
00001111111111110000000000001111
00001111111111111111111100001111
00001111111111111111111100001111
00001111111111111111111111111111
00001111111111111111111111111111
00001111111111111111111111111111
00000000000000000000111111111111
00000000000000000000111111111111
00000000000000000000000011111111
00000000000000000000000011111111
00000000000000000000000011111111
00000000000000000000000011111111
00000000000000000000000011111111
11111111111111110000000011111111
11111111111111110000000011111111
11111111111111110000000011111111
11111111111111111111111111111111
11111111111111111111111111111111
00000000111111111111111111111111
00000000111111111111111111111111
