00000111000000000000000000000000
00000111000000000000000000000000
00000111000000000000000000000000
00000111111111111111111111111111
00000111111111111111111111111111
00000111111111111111111111111111
00000111111111111111111111111111
00000111110000000000000000000000
00000111110000000000000000000000
00011111110000000000000000000000
00011111110000000000000000000000
00011111000000000000000000000000
00011111000000000000000000000000
00011111110000000000000000000000
00011111110000000000000000000000
00011111111111111111111111110000
00011111111111111111111111110000
00011111111111111111111111110000
11111111111111111111111111110000
11111111111111111111111111110000
11111111000000000000000000000000
11111111000000000000000000000000
11111000000000000000000000000000
11111000000000000000000000000000
11111000000000000000000000000000
11111000000000000000000000000000
11111111000000000000000000000000
11111111000000000000000000000000
11111111111111111111111111111100
11111111111111111111111111111100
11111111111111111111111111111111
11111111111111111111111111111111
