00000001111111111111111111111111
00000001111111111111111111111111
00000001111111111111111111111111
00000001111111111111111111111111
00000001111111111111111111111111
00000001111111111111111111111111
00001111111111111111111000111000
00001111111111111111111000111000
00001111111110000000000000000000
00001111111110000000000000000000
00001111111110000000000000000000
00001111111110000000000000000000
00001111111110000000000000000000
00001111111110000000000000000000
11111111111111111111111000000000
11111111111111111111111000000000
11111111111111111111111111000000
11111111111111111111111111000000
11111111111111111111111111000000
11111111111111111111111000000000
11111111111111111111111000000000
11111111111111111111111000000000
11111111110000000000000000000000
11111111110000000000000000000000
11111111110000000000000000000000
11111111110000000000000000000000
11111111110000000000000000000000
11111111111111111111111111000000
11111111111111111111111111000000
11111111111111111111111111000000
00001111111111111111111111000000
00001111111111111111111111000000
