00000111111111111111111111111111
00000111111111111111111111111111
00000111111111111111111111111111
00000111111111111111111000001111
00000111111111111111111000001111
00000111111111111111111000001111
00000111111111000000000000000000
00000111111111000000000000000000
00000111111111000000000000000000
00000111111111000000000000000000
00000111111111000000000000000000
00000111111111000000000000000000
11111111111111111111111111110000
11111111111111111111111111110000
11111111111111111111111111110000
11111111111111111111111111110000
11111111111111111111111111110000
11111111111111111111111111110000
11111111110000000000000000000000
11111111110000000000000000000000
11111111110000000000000000000000
11111111110000000000000000000000
11111111110000000000000000000000
11111111110000000000000000000000
11111111110000000000000000000000
11111111110000000000000000000000
11111111110000000000000000000000
11111111111111111111111111110000
11111111111111111111111111110000
11111111111111111111111111110000
11111111111111111111111111110000
11111111111111111111111111110000
