11111111111100000000000000000000
11111111111100000000000000000000
11111111111100000000000000000000
11111111111111111111111100001111
11111111111111111111111100001111
11111111111111111111111111111111
11111111111111111111111111111111
11111111111111111111111111111111
11111111111111110000000011111111
11111111111111110000000011111111
11111111111100000000000000000000
11111111111100000000000000000000
11111111111100000000000000000000
11111111111111110000000011110000
11111111111111110000000011110000
11111111111111111111111111110000
11111111111111111111111111110000
11111111111111111111111111110000
11111111111100000000111111110000
11111111111100000000111111110000
11111111111100000000000000000000
11111111111100000000000000000000
11111111111100000000000000000000
11111111111100000000000000000000
11111111111100000000000000000000
11111111111100000000000000000000
11111111111100000000000000000000
11111111111100000000000000000000
11111111111111111111111111111111
11111111111111111111111111111111
00000000000011111111111111111111
00000000000011111111111111111111
