00000000000000000000000011111100
00000000000000000000000011111100
00000000000000001111111111111100
00000000000000001111111111111100
00000000111111111111111100000000
00000000111111111111111100000000
00011111111111110000000000000000
00011111111111110000000000000000
11111111111000000000000000000000
11111111111000000000000000000000
11111111111000000000000000000000
11111111111000000000000000000000
00011111111000000000001111100000
00011111111000000000001111100000
00011111000000001111111111100000
00011111000000001111111111100000
00011111111111111111110000000000
00011111111111111111110000000000
00011111111111110000000000000000
00011111111111110000000000000000
00011111111000000000000000000000
00011111111000000000000000000000
00011111000000000000000000011111
00011111000000000000000000011111
00011111000000000000001111111111
00011111000000000000001111111111
00011111000000001111111111100000
00011111000000001111111111100000
00011111111111111111110000000000
00011111111111111111110000000000
00011111111111110000000000000000
00011111111111110000000000000000
