00000000000000111111111111111100
00000000000000111111111111111100
00000000000000111111111111111100
00000000111111111111111111111111
00000000111111111111111111111111
00000000111111111111111111111100
00000000111111111111111111111100
00000000111111111111111111111100
00000000111111000000000000000000
00000000111111000000000000000000
00000011111111000000000000000000
00000011111111000000000000000000
00000011111111000000000000000000
00000011111000000000001100000011
00000011111000000000001100000011
00000011111111111111111111111111
00000011111111111111111111111111
00000011111111111111111111111111
00011111111111111111111111111111
00011111111111111111111111111111
00011111000000000000000000000000
00011111000000000000000000000000
00011111000000000000000000000000
00011111000000000000000000000000
00011111000000000000000000000000
11111111000000001111111100000000
11111111000000001111111100000000
11111111000000001111111100000000
11111111111111111111111100000000
11111111111111111111111100000000
11111111111111000000000000000000
11111111111111000000000000000000
