00000000111111111100000000000000
00000000111111111100000000000000
00000000111111111100000000000000
00001111111111111111111111111111
00001111111111111111111111111111
00001111111111111111111111111111
00001111111111111111111111111111
00001111111111111111111111111111
00001111111000000000000000000000
00001111111000000000000000000000
00001111111000000000000000000000
00001111111000000000000000000000
00001111111000000000000000000000
00001111111000000000000000000000
00001111111000000000000000000000
00001111111111100000000000000000
00001111111111100000000000000000
00001111111111100000000000000000
11111111111111111111111111111000
11111111111111111111111111111000
11111111111000011111111111111000
11111111111000011111111111111000
11111111111000011111111111111000
11111111000000000000000000000000
11111111000000000000000000000000
11111111000000000000000000000000
11111111000000000000000000000000
11111111000000000000000000000000
11111111000000000000000000000000
11111111000000000000000000000000
00001111000000000000000000000000
00001111000000000000000000000000
