00000000000000111111111111111111
00000000000000111111111111111111
00000000000000111111111111111111
00000000000111111111111111111111
00000000000111111111111111111111
00000000111111111111110000011111
00000000111111111111110000011111
00000000111111110000000000000000
00000000111111110000000000000000
00000000111111000000000000000000
00000000111111000000000000000000
00000011111111000000000000000000
00000011111111000000000000000000
00000011111111000000001111100000
00000011111111000000001111100000
00000011111111111111111111111100
00000011111111111111111111111100
00000011111111111111111111111100
00011111111111111111111111111100
00011111111111111111111111111100
00011111111000000000000000000000
00011111111000000000000000000000
00011111111000000000000000000000
00011111111000000000000000000000
11111111000000000000000000000000
11111111000000000000000000000000
11111111000000000000000000000000
11111111000000000000000000000000
11111111000000000000000000000000
11111111000000000000000000000000
11111100000000000000000000000000
11111100000000000000000000000000
