00000111110000000000000000000000
00000111110000000000000000000000
00000111110000000000000000000000
11111111111111111111111111111111
11111111111111111111111111111111
11111111111111111111111111111111
11111111111111111111111111111111
11111111111111111111111111111111
11111111111111000000000000000000
11111111111111000000000000000000
11111111111111000000000000000000
11111111111111000000000000000000
11111111111111000000000000000000
11111111111111000000000000000000
11111111111111111111111111110000
11111111111111111111111111110000
11111111111111111111111111111111
11111111111111111111111111111111
11111111111111111111111111111111
11111111111111111111111000000000
11111111111111111111111000000000
11111111111111111111111000000000
11111111111111000000000000000000
11111111111111000000000000000000
00000111111111000000000000000000
00000111111111000000000000000000
00000111111111000000000000000000
00000111111111000000000000000000
00000111111111000000000000000000
00000111111111000000000000000000
00000111111111000000000000000000
00000111111111000000000000000000
