11111111111111111100001111111111
11111111111111111100001111111111
11111111111111111100001111111111
11111111111111111111111111111111
11111111111111111111111111111111
11111111111111111111111111111111
11111111111111100000000001111111
11111111111111100000000001111111
11111111111000000000000000000000
11111111111000000000000000000000
11111111111000000000000000000000
11111111111000000000001110000000
11111111111000000000001110000000
11111111111000000000001110000000
11111111111000000000001110000000
11111111111000000000001110000000
11111111111111111111111110000000
11111111111111111111111110000000
11111111111111111111111110000000
11111111111111111111111110000000
11111111111111111111111110000000
11111111111111111111111110000000
11111111111000000000000000000000
11111111111000000000000000000000
11111111111000000000000000000000
11111111111000000000000000000000
11111111111000000000000000000000
11111111111000000000000000000000
11111111111000000000000000000000
11111111111000000000000000000000
11111111111000000000000000000000
11111111111000000000000000000000
