00000000001111111111111111110000
00000000001111111111111111110000
00000000001111111111111111110000
00000111111111111111111111111100
00000111111111111111111111111100
00011111111111100000111111111111
00011111111111100000111111111111
00011111111111100000111111111111
11111111110000000000000001111100
11111111110000000000000001111100
11111111000000000000000000000000
11111111000000000000000000000000
11111111000000000000000000000000
11111111000000000011111111111111
11111111000000000011111111111111
11111111000000000011111111111111
11111111000000000011111111111111
11111111000000000011111111111111
11111111000000000011000001111111
11111111000000000011000001111111
11111111000000000000000001111111
11111111000000000000000001111111
11111111000000000000000001111111
11111111110000000000000111111100
11111111110000000000000111111100
11111111111110000000111111111100
11111111111110000000111111111100
11111111111110000000111111111100
11100111111111111111111111110000
11100111111111111111111111110000
00000000111111111111111000000000
00000000111111111111111000000000
