00000000000000001111111111100000
00000000000000001111111111100000
00000000000000001111111111100000
00000000111111111111111111111111
00000000111111111111111111111111
00000011111111111111111111111111
00000011111111111111111111111111
00011111111111000000000000011111
00011111111111000000000000011111
11111111000000000000000000000000
11111111000000000000000000000000
11111100000000000000000000000011
11111100000000000000000000000011
11111100000000000000000000000000
11111100000000000000000000000000
11111100000000000000000011111100
11111100000000000000000011111100
11111100000000000000000011111100
11111100000000000000001111111100
11111100000000000000001111111100
11111111111111111111111111100011
11111111111111111111111111100011
11111111111111111111111111100011
11111111111111111111111111100011
00000000111111000001111111100011
00000000111111000001111111100011
00000000000000000001111100000000
00000000000000000001111100000000
00000000000000000001111100000000
00000000000000000001111100000000
00000000000000000001111100000000
00000000000000000001111100000000
