00000000000000011111111111100000
00000000000000011111111111100000
00000000000000011111111111100000
00000000000011111100011111111100
00000000000011111100011111111100
00000000000011111100011111111100
00000011111100000000000011100000
00000011111100000000000011100000
00000011111100000000000011100000
00011111100000000000000000000000
00011111100000000000000000000000
00011111100000000000000000000000
00011111100000000000000000000000
00011111100000000000000000000000
00011111100000000000000000000000
11111100000000000000000000000000
11111100000000000000000000000000
11111100000000000000000000000000
11111100000000000000000011111111
11111100000000000000000011111111
11111100000000000000000011111111
11111100000000000000000011111100
11111100000000000000000011111100
11111100000000000000000011111100
11111111100000000000000011111100
11111111100000000000000011111100
11111111100000000000000011111100
00011111100000000000000011111100
00011111100000000000000011111100
00011111100000000000000011111100
00011111111111111111111111100000
00011111111111111111111111100000
