00011000000000000000000000000000
00011000000000000000000000000000
00011111110000000000000000000000
00011111110000000000000000000000
00011111111111100000000000000000
00011111111111100000000000000000
00011111111110000000111111111111
00011111111110000000111111111111
00011111111110000000000111111111
00011111111110000000000111111111
00011111111110000000000111111111
00011111111110000000000111111111
00011111111110000000000111111111
00011111111110000000000111111111
00011111111111111100000111111111
00011111111111111100000111111111
11111111111111111111111111111100
11111111111111111111111111111100
11111111110000000000111111111100
11111111110000000000111111111100
11111111110000000000000111111100
11111111110000000000000111111100
11111111110000000000111111111100
11111111110000000000111111111100
11111111110000000000111111111100
11111111110000000000111111111100
00011111110000000000111111111100
00011111110000000000111111111100
00000000110000000011111111111100
00000000110000000011111111111100
00000000000000000011111111111100
00000000000000000011111111111100
