11111111000000000000000000000000
11111111000000000000000000000000
11111111000000000000000000000000
11111111000000001111111111100000
11111111000000001111111111100000
11111111000000001111111111100000
00011111000000000000001111100000
00011111000000000000001111100000
00011111000000000000001111100000
00011111000000000000001111100000
00011111000000000000001111100000
00011111111000000000001111100000
00011111111000000000001111100000
00011111111000000000001111100000
00011111111111111111111111111100
00011111111111111111111111111100
00011111111000000001111111111100
00011111111000000001111111111100
00011111111000000001111111111100
00011111111000000000001111111100
00011111111000000000001111111100
00011111111000000000001111111100
00011111111000000000001111111100
00011111111000000000001111111100
00000011111000000000000011111100
00000011111000000000000011111100
00000011111000000000000011111100
00011111111111000000000011111111
00011111111111000000000011111111
00011111111111000000000011111111
00000011111111000000001111111111
00000011111111000000001111111111
