00000001111100000000000000000011
00000001111100000000000000000011
00000001111100000000000000000011
00000001111100000000000000001111
00000001111100000000000000001111
00000001111100000000000000001111
00000001111100000000000000001111
00000001111100000000000000001111
00000111110000000000000000001111
00000111110000000000000000001111
00000111111111000000000000001100
00000111111111000000000000001100
00000111111111000000000000001100
00000111111111111111111111111100
00000111111111111111111111111100
00000111110011111111111111111100
00000111110011111111111111111100
00000111110011111111111111111100
00000110000000000000000111111100
00000110000000000000000111111100
00011110000000000000000000110000
00011110000000000000000000110000
00011110000000000000000000110000
00011110000000000000000000110000
00011110000000000000000000110000
00000000000000000000000111110000
00000000000000000000000111110000
00000000000000000000000111110000
00000000000000000000000111110000
00000000000000000000000111110000
00000000000000000000000111000000
00000000000000000000000111000000
