00000000000000000000000000000011
00000000000000000000000000000011
00000000000000000000000000000011
00000000000000000000000000000011
00011111000000000000000111111111
00011111000000000000000111111111
00011111111111100000111111111111
00011111111111100000111111111111
00011111111110000000000111111111
00011111111110000000000111111111
00011111111110000000000111111100
00011111111110000000000111111100
00011111111110000000000111111100
00011111111110000000000111111100
00011111111110000000000111111100
00011111111110000000000111111100
00011111111111111111111111111100
00011111111111111111111111111100
11111111111111100000111111111100
11111111111111100000111111111100
11111111110000000000111111111100
11111111110000000000111111111100
11111111110000000000111111111100
11111111110000000000111111111100
11111111110000000000111111111100
11111111110000000000111111111100
11111111110000000000111111111100
11111111110000000000111111111100
11111111110000000011111111111100
11111111110000000011111111111100
00000111110000000000111110000000
00000111110000000000111110000000
