11111111000000000000000001111111
11111111000000000000000001111111
11111111000000000000000001111111
11111111000000000000000001111111
11111111000000000000000001111111
11111111000000000000000001111111
11111111000000000000000001111111
11111111000000000000000001111111
11111111111000000000000001111111
11111111111000000000000001111111
11111111111000000000000001111111
11111111111111111111111111111111
11111111111111111111111111111111
11111111111111111111111111111111
11111111111111111111111111111111
11111111111111111111111111111111
11111111111111100000001111111111
11111111111111100000001111111111
11111111111111100000001111111111
11111111111000000000000001111111
11111111111000000000000001111111
11111111111000000000000001111111
11111111111000000000000001111111
11111111111000000000000001111111
11111111111000000000000001111111
11111111111000000000000001111111
11111111111000000000000001111111
11111111111000000000000001111111
11111111111000000000000001111111
11111111111000000000000001111111
00001111000000000000000001111111
00001111000000000000000001111111
