00000000111111111111111111110000
00000000111111111111111111110000
00000000111111111111111111110000
00000000111111111111111111111111
00000000111111111111111111111111
00000000111111111111111111111111
00000000111111111111111111110000
00000000111111111111111111110000
00000000000011111111111100000000
00000000000011111111111100000000
00000000000011111111111100000000
00000000000011111111111100000000
00000000000011111111111100000000
00000000000011111111111100000000
00000000000011111111000000000000
00000000000011111111000000000000
00000000111111111111000000000000
00000000111111111111000000000000
00000000111111111111000000000000
00000000111111111111000000000000
00000000111111111111000000000000
00000000111111111111000000000000
00000000111111111111000000000000
00000000111111111111000000000000
00001111111111111111111100000000
00001111111111111111111100000000
00001111111111111111111100000000
11111111111111111111111100000000
11111111111111111111111100000000
11111111111111111111111100000000
11111111111111111111000000000000
11111111111111111111000000000000
