00000000000111111111111111111111
00000000000111111111111111111111
00000000000111111111111111111111
00000000000000000000001111111111
00000000000000000000001111111111
00000000000000000000001111111111
00000000000000001111111111100000
00000000000000001111111111100000
00000000000000001111111111100000
00000000000000001111111111100000
00000000000000001111111111100000
00000000000000001111111111100000
00000000000000001111110000000000
00000000000000001111110000000000
00000000000000001111110000000000
00000000000000001111110000000000
00000000000000001111110000000000
00000000000000001111110000000000
00000000000111111111110000000000
00000000000111111111110000000000
00000000000111111111110000000000
00000000000111111111110000000000
00000000000111111111110000000000
00000000000111111111110000000000
00000000000111111111110000000000
00000000000111111111110000000000
00000000000111111111110000000000
11111111111111111111110000000000
11111111111111111111110000000000
11111111111111111111110000000000
00000011111111111111110000000000
00000011111111111111110000000000
