11111111111111111111111100000000
11111111111111111111111100000000
11111111111111111111111100000000
11111111111111111111111100000000
11111111111111111111111100000000
11111111111111111111111100000000
00000000111111111111111100000000
00000000111111111111111100000000
00000000111111111111111100000000
00000000111111111111111100000000
00000000111111111111111100000000
00000000111111111111111100000000
00000000111111111111111100000000
00000000111111111111111100000000
00000000111111111111111100000000
00000000111111111111111100000000
00000000111111111111111100000000
00000000111111111111111100000000
00000000111111111111111100000000
00000000111111111111111100000000
00000000111111111111111100000000
00000000111111111111111100000000
00000000111111111111111111111111
00000000111111111111111111111111
00000000111111111111111111111111
00000000111111111111111111111111
00000000111111111111111111111111
00000000111111111111111111111111
00000000111111111111111111111111
00000000111111111111111111111111
00000000111111111111111111111111
00000000111111111111111111111111
