00000000000111111111111111111111
00000000000111111111111111111111
00000000000111111111111111111111
00000000111111111111111111111111
00000000111111111111111111111111
00000000111111111111111111111111
00000000000111111111111111111111
00000000000111111111111111111111
00000000000111111111111111111111
00000000000000000011111111111000
00000000000000000011111111111000
00000000000000000011111111111000
00000000000000000000001111111000
00000000000000000000001111111000
00000000000000000000001111111000
00000000000000000000001111111000
00000000000000000000001111111000
00000000000000000000001111111000
00000000000000000000001111111000
00000000000000000000001111111000
00000000000000000000001111111000
00000000000000000011111111111000
00000000000000000011111111111000
00000000000000000011111111111000
11110000000000000011111111111000
11110000000000000011111111111000
11110000000000000011111111111000
11111111111111111111111111111000
11111111111111111111111111111000
11111111111111111111111111111000
00001111111111111111111110000000
00001111111111111111111110000000
