00000000000001111111111111111111
00000000000001111111111111111111
00000000000001111111111111111111
00000000000001111111111111111111
00000000000001111111111111111111
00000000000001111111111111111111
00000000000001111111111111111111
00000000000001111111111111111111
00000000000000000000111111111111
00000000000000000000111111111111
00000000000000000000111111111111
00000000000000000000111111111111
00000000000000000000111111111111
00000000000000000000111111111111
00000000000000000000111111111111
00000000000000000000111111111111
00000000000000000000111111111111
00000000000000000000111111111111
00000000000000000000111111111111
00000000000000000000111111111111
00000000000001111111111111111111
00000000000001111111111111111111
00000000000001111111111111111111
00000000000001111111111111111111
00000000000001111111111111111111
00000000000001111111111111111111
00000001111111111111111111000000
00000001111111111111111111000000
11111111111110000000000000000000
11111111111110000000000000000000
11111110000000000000000000000000
11111110000000000000000000000000
