00000011111000000000000000000000
00000011111000000000000000000000
00000011111000000000000000000000
00000011111000000000000000000000
00000011111000000000000000000000
11111111111000000000000000000000
11111111111000000000000000000000
11111111000000000000000000000000
11111111000000000000000000000000
11111111000000000000000000000000
11111111000000000000000000000000
11111111000000000000000000000000
11111111000000000000000000000000
11111111000000000000000000000000
11111111000000000000000000000000
11111111000000000000000000000000
11111111000000000000000000000000
11111111000000000000000000000000
11111111000000000000000000000000
00011111000000000000000000000000
00011111000000000000000000000000
11111100000000000000000000000000
11111100000000000000000000000000
11111100000000000000000000000011
11111100000000000000000000000011
11111100000000000000000000000011
11111111111111111111110000000011
11111111111111111111110000000011
11111111111111111111111111111111
11111111111111111111111111111111
00000000000000000001111111111111
00000000000000000001111111111111
