00000000000001110000000000000000
00000000000001110000000000000000
00000000000001110000000000000000
11111111111111110000000000000000
11111111111111110000000000000000
00001111110000000000000000000000
00001111110000000000000000000000
00001111110000000000000000000000
00001111110000000000000000000000
00001111110000000000000000000000
00001111110000000000000000000000
00001111110000000000000000000000
00001111110000000000000000000000
00001111110000000000000000000000
00001111110000000000000000000000
00001111110000000000000000000000
00001111110000000000000000000000
00001111110000000000000000000000
00001111110000000000000000000000
00001111110000000000000000000111
00001111110000000000000000000111
00001111111110000000000000111111
00001111111110000000000000111111
00001111111110000000111111111111
00001111111110000000111111111111
00001111111110000000111111111111
00001111111111111111111111111000
00001111111111111111111111111000
11111111111110000000000000000000
11111111111110000000000000000000
00000000000000000000000000000000
00000000000000000000000000000000
