00011111111111111100000000000000
00011111111111111100000000000000
00011111111111111100000000000000
00011111111100000000000000000000
00011111111100000000000000000000
00011111111100000000000000000000
00011111111100000000000000000000
00011111111100000000000000000000
00011111111100000000000000000000
00011111111100000000000000000000
00011111111100000000000000000000
00011111111100000000000000000000
00011111111100000000000000000000
00011111111100000000000000000000
00011111111100000000000000000000
00011111111100000000000000000000
00011111111100000000000000000000
00011111111100000000000000000000
00011111111100000000000000000000
00011111111100000000000000000000
00011111111100000000000000000000
00011111111100000000000000000000
00011111111100000000000000000000
00011111111100000000000000000000
00011111111100000000000000000000
00011111111100000000000000011111
00011111111100000000000000011111
00011111111100000000000000011111
00011111111111111111111111111111
00011111111111111111111111111111
11111111111111100000000011111100
11111111111111100000000011111100
