11111111110000000000000000000000
11111111110000000000000000000000
11111111110000000000000000000000
11111111111111000000000000000000
11111111111111000000000000000000
11111111111111000000000000000000
11111111111111000000000000000000
11111111110000000000000000000000
11111111110000000000000000000000
11111111110000000000000000000000
11111111110000000000000000000000
11111111110000000000000000000000
11111111110000000000000000000000
11111111110000000000000000000000
11111111110000000000000000000000
11111111110000000000000000000000
11111111110000000000000000000000
11111111110000000000000000000000
11111111110000000000000000000000
11111111110000000000000000000000
11111111110000000000000000000000
11111111110000000000000000000000
11111111110000000000000000000000
11111111111111000000000000000000
11111111111111000000000000000000
11111111111111000000000000000000
11111111111111111111111111110000
11111111111111111111111111110000
11111111111111111111111111111111
11111111111111111111111111111111
00000000000000000000000111110000
00000000000000000000000111110000
