00011111111111000000001111111111
00011111111111000000001111111111
00011111111111000000001111111111
00000011111111000000000011111111
00000011111111000000000011111111
00011111111111110000001111111111
00011111111111110000001111111111
00011111111111110000001111111111
00011111111111110000001111111100
00011111111111110000001111111100
00011111111111111110001111111100
00011111111111111110001111111100
00011111111111111110001111111100
00011111000111111110001111111100
00011111000111111110001111111100
00011111000000111110001111111100
00011111000000111110001111111100
00011111000000111110001111111100
00011111000000111111111111111100
00011111000000111111111111111100
11111111000000001111111111100000
11111111000000001111111111100000
11111111000000001111111111100000
11111111000000001111111111100000
11111111000000001111111111100000
11111111000000001111111111100000
11111111000000001111111111100000
11111111000000001111111111100000
11111111000000000001111111100000
11111111000000000001111111100000
00011111000000000000001100000000
00011111000000000000001100000000
