00000011111111100000000000000000
00000011111111100000000000000000
00000011111111100000000000000000
00000011111111111100000000011100
00000011111111111100000000011100
00000011111111111100000000011111
00000011111111111100000000011111
00000011111111111100000000011111
00000011111111111100000000011111
00000011111111111100000000011111
00011111111111111111100000011111
00011111111111111111100000011111
00011111111111111111100000011111
00011111111111111111100011111111
00011111111111111111100011111111
00011111100000011111100011111111
00011111100000011111100011111111
00011111100000011111100011111111
00011111100000011111111111111100
00011111100000011111111111111100
11111111100000011111111111111100
11111111100000011111111111111100
11111111100000011111111111111100
11111111100000000011111111111100
11111111100000000011111111111100
11111111100000000011111111111100
11111111100000000011111111111100
11111111100000000011111111111100
11111100000000000000011111100000
11111100000000000000011111100000
00000000000000000000000011100000
00000000000000000000000011100000
