00000000000000000000000000000111
00000000000000000000000000000111
00000000000000000000000000000111
00000000000000000000000111111111
00000000000000000000000111111111
11111111111110000000000111111111
11111111111110000000000111111111
11111111111110000000000111111111
11111111111110000000000111111111
11111111111110000000000111111111
11111111111111110000000111111111
11111111111111110000000111111111
11111111111111110000000111111111
11111111111111110000000111111111
11111111111111110000000111111111
11111111111111111111000111111111
11111111111111111111000111111111
11111111111111111111000111111111
11111111111111111111000111111111
11111111111111111111000111111111
11111111110001111111111111111111
11111111110001111111111111111111
11111111110001111111111111111111
11111111110000001111111111111000
11111111110000001111111111111000
11111110000000000000111111111111
11111110000000000000111111111111
11111110000000000000111111111111
11111110000000000000111111111000
11111110000000000000111111111000
11111111110000000000000000000000
11111111110000000000000000000000
