11111100000000000000000011111100
11111100000000000000000011111100
11111100000000000000000011111100
11111111100000000000011111111100
11111111100000000000011111111100
11111111100000000000011111111100
11111111111100000000011111111100
11111111111100000000011111111100
11111111111100000000011111111100
11111111111100000000011111111100
11111111111100000000011111111100
11111111111111100000000011111100
11111111111111100000000011111100
11111111111111100000000011111100
11111111111111111100000011111100
11111111111111111100000011111100
11111111100011111111100011111111
11111111100011111111100011111111
11111111100011111111100011111111
11111111100000011111111111111111
11111111100000011111111111111111
11111111100000011111111111111111
11111111100000000011111111111111
11111111100000000011111111111111
11111111100000000000011111111111
11111111100000000000011111111111
11111111100000000000011111111111
11111111111100000000000011111111
11111111111100000000000011111111
11111111111100000000000011111111
11111111111100000000000011111111
11111111111100000000000011111111
