00001111000000000000000001111000
00001111000000000000000001111000
00001111000000000000000001111000
11111111111000000000000001111111
11111111111000000000000001111111
11111111111000000000000001111111
11111111111000000000000001111111
11111111111000000000000001111111
11111111111111100000000001111111
11111111111111100000000001111111
11111111111111100000000001111111
11111111111111111100000001111111
11111111111111111100000001111111
11111111111111111100000001111111
11111111111111111100000001111111
11111111111111111100000001111111
11111111111111111111110001111111
11111111111111111111110001111111
11111111111111111111110001111111
11111111111000011111111111111111
11111111111000011111111111111111
11111111111000011111111111111111
11111111111000000011111111111111
11111111111000000011111111111111
00001111111000000000001111111111
00001111111000000000001111111111
00001111111000000000001111111111
00001111111000000000001111111111
00001111111000000000001111111111
00001111111000000000001111111111
00001111111000000000000001111111
00001111111000000000000001111111
