00000000000000000000011100000000
00000000000000000000011100000000
00000000000000000000011111100000
00000000000000000000011111100000
00000000000000000000011111100000
00000000000000000000011111100000
11111100000000000000011111100000
11111100000000000000011111100000
11111111100000000000011111100000
11111111100000000000011111100000
11111111111100000000011111111100
11111111111100000000011111111100
11111111111111100000011111111100
11111111111111100000011111111100
11111111111111111111100011111100
11111111111111111111100011111100
11111111100011111111111111111100
11111111100011111111111111111100
11111111100000011111111111111111
11111111100000011111111111111111
11111111100000000011111111111111
11111111100000000011111111111111
11111111100000000000011111111111
11111111100000000000011111111111
11111111100000000000000011111111
11111111100000000000000011111111
11111111111100000000000000000000
11111111111100000000000000000000
11111111111100000000000000000000
11111111111100000000000000000000
00000011111100000000000000000000
00000011111100000000000000000000
