00000000000000000000000000011100
00000000000000000000000000011100
00000000000000000000000000011100
00011111100000000000000011111111
00011111100000000000000011111111
11111111111100000000000011111111
11111111111100000000000011111111
11111111111111100000000011111111
11111111111111100000000011111111
11111111111111111100000011111111
11111111111111111100000011111111
11111111111111111111100011111111
11111111111111111111100011111111
11111111111111111111111111111111
11111111111111111111111111111111
11111111111111111111111111111111
11111111111111111111111111111111
11111111111111111111111111111111
11111111111100011111111111111111
11111111111100011111111111111111
11111111111100000011111111111111
11111111111100000011111111111111
11111111111100000000011111111111
11111111111100000000011111111111
11111111111100000000011111111111
11111111111100000000011111111111
11111111111100000000000011111111
11111111111100000000000011111111
11111111111100000000000000011111
11111111111100000000000000011111
00011111100000000000000000000000
00011111100000000000000000000000
