00000000000000000000000011111100
00000000000000000000000011111100
00000000000000000000000011111100
00000000000000000000000011111100
00000000000000000000000011111100
00000000000000000000000011111100
00000000000000000000000011111100
00000000000000000000000011111100
00000000000000000000000011111100
11111111100000000000000011111100
11111111100000000000000011111100
11111111111100000000000011111100
11111111111100000000000011111100
11111111111111100000000011111100
11111111111111100000000011111100
00011100011111111100000011111100
00011100011111111100000011111100
00011100011111111100000011111100
00011100000011111111111111111100
00011100000011111111111111111100
11111100000000000011111111111100
11111100000000000011111111111100
00011100000000000000000011111111
00011100000000000000000011111111
11111100000000000000000000011100
11111100000000000000000000011100
11111100000000000000000000000000
11111100000000000000000000000000
11111111100000000000000000000000
11111111100000000000000000000000
00011111100000000000000000000000
00011111100000000000000000000000
