00000000000001111111111100000000
00000000000001111111111100000000
00000000011111111111111111000000
00000000011111111111111111000000
00000001111110000000001111110000
00000001111110000000001111110000
00011111111000000000001111111100
00011111111000000000001111111100
11111111111000000000000011111100
11111111111000000000000011111100
11111111100000000000000011111100
11111111100000000000000011111100
11111111100000000000000011111111
11111111100000000000000011111111
11111111100000000000000011111111
11111111100000000000000011111111
11111111100000000000000011111111
11111111100000000000000011111111
00011111100000000000001111111100
00011111100000000000001111111100
00011111111000000000001111111100
00011111111000000000001111111100
00011111111111111111111111000000
00011111111111111111111111000000
00000111111111111111111100000000
00000111111111111111111100000000
00000000011111111111111100000000
00000000011111111111111100000000
00000000000000011111111111111111
00000000000000011111111111111111
00000000000000000000001111111100
00000000000000000000001111111100
