00000000001111111111000000000000
00000000001111111111000000000000
00000000001111111111000000000000
00000000111111111111111110001111
00000000111111111111111110001111
00000111111111111111111111111111
00000111111111111111111111111111
00011111110000000000111111111100
00011111110000000000111111111100
00011111110000000000000001111111
00011111110000000000000001111111
11111111000000000000000001111111
11111111000000000000000001111111
11111111000000000000000000001111
11111111000000000000000000001111
00011111000000000000000000001111
00011111000000000000000000001111
00011111000000000000000000001111
00011111110000000000000000001111
00011111110000000000000000001111
00000111110000000011000001111111
00000111110000000011000001111111
00000111111111111111111111111111
00000111111111111111111111111111
00000000111111111111111111111100
00000000111111111111111111111100
00000000000001111111111111110000
00000000000001111111111111110000
00000000000000000011111111110000
00000000000000000011111111110000
00000000000000000000000111111100
00000000000000000000000111111100
