00011111111111111100000000000000
00011111111111111100000000000000
00011111111111111100000000000000
11111111111111111111000000000000
11111111111111111111000000000000
11111111000000011111111000000000
11111111000000011111111000000000
11111000000000000011111110000000
11111000000000000011111110000000
11111000000000000011111110000000
11111000000000000000111110000000
11111000000000000000111110000000
11111000000000000000111110000000
11111000000000000000111110000000
11111000000000000000111111110000
11111000000000000000111111110000
00011111000000000000000111110000
00011111000000000000000111110000
00011111000000000000000111110000
00011111000000000000000111110000
00011111000000000000000111110000
00011111000000000000111111110000
00011111000000000000111111110000
00000111110000000000111111111100
00000111110000000000111111111100
00000111110000000000111111111100
00000000111111111111111111111111
00000000111111111111111111111111
00000000111111111111111110000011
00000000111111111111111110000011
00000000000001111100000000000011
00000000000001111100000000000011
