00000000000000111111111111000011
00000000000000111111111111000011
00000000000000111111111111000011
00000001111111111111111111110011
00000001111111111111111111110011
00000111111100000000011111111100
00000111111100000000011111111100
00011111110000000000000111111100
00011111110000000000000111111100
00011111110000000000000111111100
11111110000000000000000000111100
11111110000000000000000000111100
11111110000000000000000000111100
11111110000000000000000000111100
11111110000000000000000000111100
11111110000000000000000000111100
11111110000000000000000111111100
11111110000000000000000111111100
11111110000000000000000111111100
00011110000000000000000111110000
00011110000000000000000111110000
00011111110000000000011111110000
00011111110000000000011111110000
00000111111100000001111111000000
00000111111100000001111111000000
00000111111100000001111111000000
00000111111111111111111000001111
00000111111111111111111000001111
00000000001111111111111111111111
00000000001111111111111111111111
00000000000000111111111111111100
00000000000000111111111111111100
