00000000000000001111111111000000
00000000000000001111111111000000
00000000000011111111111111000000
00000000000011111111111111000000
00000000001111111111111111110000
00000000001111111111111111110000
11111111111111000000000111111100
11111111111111000000000111111100
11111111111100000000000111111111
11111111111100000000000111111111
00011111110000000000000000111111
00011111110000000000000000111111
11111110000000000000000000111111
11111110000000000000000000111111
11111110000000000000000000111111
11111110000000000000000000111111
11111000000000000000000000111111
11111000000000000000000000111100
11111000000000000000000000111100
11111000000011110000000111111100
11111000000011110000000111111100
11111110000011111110011111110000
11111110000011111110011111110000
11111111111100111111111111000000
11111111111100111111111111000000
00000111111111111111111111000000
00000111111111111111111111000000
00000001111111111111111111110000
00000001111111111111111111110000
00000000000000000000011111111100
00000000000000000000011111111100
00000000000000000000000111111100
