00000111111111111111111110000000
00000111111111111111111110000000
00000111111111111111111110000000
00011111111111111111111111111100
00011111111111111111111111111100
00011111111111111111111111111100
11111111110000000000111111111100
11111111110000000000111111111100
11111111110000000000111111111100
11111111000000000000000111111111
11111111000000000000000111111111
11111111000000000000000111111111
11111111000000000000000001111111
11111111000000000000000001111111
11111111000000000000000001111111
11111111000000000000000001111111
11111111000000000000000001111111
11111111000000000000000001111111
11111111000000000000000001111111
11111111000000000000000001111111
11111111000000000000000001111111
00011111110000000000111111111100
00011111110000000000111111111100
00011111110000000000111111111100
00000111111110000011111111111111
00000111111110000011111111111111
00000111111110000011111111111111
00000111111111111111111111111111
00000111111111111111111111111111
00000111111111111111111111111111
00000000111111111111111110000000
00000000111111111111111110000000
