00000000001111111111111111000000
00000000001111111111111111000000
00000111111100000001111111110000
00000111111100000001111111110000
00011111110000000000011111111100
00011111110000000000011111111100
00011111110000000000000111111111
00011111110000000000000111111111
11111111110000000000000111111111
11111111110000000000000111111111
11111110000000000000000111111111
11111110000000000000000111111111
11111111110000000000000000111111
11111111110000000000000000111111
11111111110000000000000111111111
11111111110000000000000111111111
11111111110000000000000111111111
11111111110000000000000111111111
11111111110000000000000111111111
00011111111111111111111111111100
00011111111111111111111111111100
00000111111111111111111111000000
00000111111111111111111111000000
00000000001111111111111000000000
00000000001111111111111000000000
00000000000000111111111111000000
00000000000000111111111111000000
00000000000000000000011111111111
00000000000000000000011111111111
00000000000000000000000111111111
00000000000000000000000111111111
00000000000000000000000000001100
