00000000000000000011111111000000
00000000000000000011111111000000
00000000000001111111111111000000
00000000000001111111111111000000
00000000000111111111001111110000
00000000000111111111001111110000
00000000011111100000000011111100
00000000011111100000000011111100
00000001111110000000000000111111
00000001111110000000000000111111
00000111111000000000000000111111
00000111111000000000000000111111
00011111100000000000000000111111
00011111100000000000000000111111
00011110000000000000000000111111
00011110000000000000000000111111
11111110000000000000000011111111
11111110000000000000000011111111
11111110000000000000000011111111
11111110000001111100001111001111
11111110000001111100001111001111
00011110000001111111111111000000
00011110000001111111111111000000
00011111111111111111111100000000
00011111111111111111111100000000
00000111111111111111111111000000
00000111111111111111111111000000
00000000011110000000111111110000
00000000011110000000111111110000
00000000000000000000001111110000
00000000000000000000001111110000
00000000000000000000000011000000
