00000000111111111111000000000000
00000000111111111111000000000000
00011111111111111111111110000000
00011111111111111111111110000000
00011111110000000000000111110000
00011111110000000000000111110000
11111111000000000000000001111100
11111111000000000000000001111100
11111111000000000000000001111111
11111111000000000000000001111111
11111111000000000000000000001111
11111111000000000000000000001111
11111000000000000000000000001111
11111000000000000000000000001111
11111111000000000000000000001111
11111111000000000000000000001111
00011111000000000000000000001111
00011111110000000000000001111111
00011111110000000000000001111111
00000111111111100000000111111111
00000111111111100000000111111111
00000000111111111111111111111100
00000000111111111111111111111100
00000000001111111111111111110000
00000000001111111111111111110000
00000000000001111111000000000000
00000000000001111111000000000000
00000000000000011111111110000000
00000000000000011111111110000000
00000000000000000011111111111100
00000000000000000011111111111100
00000000000000000000000111111100
