00000000011111111111111111100000
00000000011111111111111111100000
00000000011111111111111111100000
11111111111111111111111111100000
11111111111111111111111111100000
11111111100000000000011111100000
11111111100000000000011111100000
11111111100000000000011111100000
11111111100000000000011111100000
11111111100000000000011111100000
11111111100000000011111100000000
11111111100000000011111100000000
11111111100000000011111100000000
11111111111111111111100000000000
11111111111111111111100000000000
11111111111111111111111100000000
11111111111111111111111100000000
11111111111111111111111100000000
11111111100000011111111111111100
11111111100000011111111111111100
00011111100000000011111111111111
00011111100000000011111111111111
00011111100000000011111111111111
00011111100000000000011111111111
00011111100000000000011111111111
00011111100000000000000011111100
00011111100000000000000011111100
00011111100000000000000011111100
11111111111100000000000000000000
11111111111100000000000000000000
00011100000000000000000000000000
00011100000000000000000000000000
