00000000111111111111111100000000
00000000111111111111111100000000
00000000111111111111111100000000
00011111111111111111111111100000
00011111111111111111111111100000
11111111111000000000001111100000
11111111111000000000001111100000
11111111000000000000001111100000
11111111000000000000001111100000
11111111000000000000001111100000
11111100000000000001111111100000
11111100000000000001111111100000
11111100000000001111111100000000
11111100000000001111111100000000
11111100000111111111110000000000
11111100000111111111110000000000
11111111111111111110000000000000
11111111111111111110000000000000
11111111111111111110000000000000
11111111111111111111111100000000
11111111111111111111111100000000
11111100000000001111111111111100
11111100000000001111111111111100
11111100000000000000001111111111
11111100000000000000001111111111
11111100000000000000001111111111
11111111000000000000000000011111
11111111000000000000000000011111
11111111000000000000000000000000
11111111000000000000000000000000
00011100000000000000000000000000
00011100000000000000000000000000
