00000000000000110000000000000000
00000000000000110000000000000000
00000000000000110000000000000000
11111111111111111111111000000000
11111111111111111111111000000000
11111110000011111111111000000000
11111110000011111111111000000000
11111110000000111111111000000000
11111110000000111111111000000000
11111110000000111111111000000000
11111110000000111111111000000000
11111110000000111111111000000000
11111110000000111111111000000000
11111111111111111111100000000000
11111111111111111111100000000000
11111111111111111111100000000000
11111111111111111111100000000000
11111111111111111111100000000000
11111111111111111111111000000000
11111111111111111111111000000000
00011111111111111111111111000000
00011111111111111111111111000000
00011111110000111111111111111111
00011111110000111111111111111111
00011111111100001111111111111111
00011111111100001111111111111111
00011111111100000000011111111100
00011111111100000000011111111100
00011111111111000000000000000000
00011111111111000000000000000000
00000111110000000000000000000000
00000111110000000000000000000000
