00000000000000111110000000000000
00000000000000111110000000000000
00000000111111111111111111100000
00000000111111111111111111100000
11111111111111111111111111100000
11111111111111111111111111100000
11111111111111000000001111100000
11111111111111000000001111100000
11111100000000000000001111100000
11111100000000000000001111100000
11111100000000000000001111100000
11111100000000000000001111100000
11111100000000001111111111100000
11111100000000001111111111100000
11111111111111111111111100000000
11111111111111111111111100000000
11111111111111111111110000000000
11111111111111111111110000000000
11111111111111111111111100000000
11111111111111111111111100000000
11111111000000001111111111100000
11111111000000001111111111100000
11111111000000000001111111111100
11111111000000000001111111111100
11111111000000000000001111111111
11111111000000000000001111111111
11111111000000000000000000000011
11111111000000000000000000000011
11111111000000000000000000000000
11111111000000000000000000000000
00011100000000000000000000000000
00011100000000000000000000000000
