11111111111111111111111111111000
11111111111111111111111111111000
11111111111111111111111111111000
11111111111111111111111111111111
11111111111111111111111111111111
11111111111111111111111111111111
11111111111000000000001111111111
11111111111000000000001111111111
11111111000000000000000001111111
11111111000000000000000001111111
11111111000000000000000001111111
11111111111111111111111111111111
11111111111111111111111111111111
11111111111111111111111111111111
11111111111111111111111111111111
11111111111111111111111111111111
11111111111111111111111111111000
11111111111111111111111111111000
11111111111111111111111111111000
11111111000111111111111110000000
11111111000111111111111110000000
11111111000111111111111110000000
11111111000000011111111111111000
11111111000000011111111111111000
11111111000000000011111111111000
11111111000000000011111111111000
11111111000000000011111111111000
11111111000000000000001111111111
11111111000000000000001111111111
11111111000000000000001111111111
11110000000000000000000000000000
11110000000000000000000000000000
