00000001111110000000000000000000
00000001111110000000000000000000
00000001111110000000000000000000
00000001111110000000000000000000
00000001111110000000000000000000
00000001111110000000000000000000
00001111110000000000000000000000
00001111110000000000000000000000
11111110000000000000000000000000
11111110000000000000000000000000
11111110000000000000000000000000
11111110000000000000000000000000
11111110000000000000000000000000
11111110000000000000000000000000
11110000000001111111111000000000
11110000000001111111111000000000
11110000001111110000000111000000
11110000001111110000000111000000
11110000001111110000000111000000
11110001111110000000000111111000
11110001111110000000000111111000
11110001111110000000000111111000
11110001110000000000000111111000
11110001110000000000000111111000
11110001110000000000111111000000
11110001110000000000111111000000
11110001110000000000111111000000
11111111111111111111111000000000
11111111111111111111111000000000
11111111111111111111111000000000
11111111111111111111000000000000
11111111111111111111000000000000
