00000000000000011111000000000000
00000000000000011111000000000000
00000000000000011111000000000000
00000000001111111111111000000000
00000000001111111111111000000000
00000000111111111111111000000011
00000000111111111111111000000011
00000111111111100000000000000011
00000111111111100000000000000011
00000111111110000000000000000000
00000111111110000000000000000000
00011111110001111111111110000000
00011111110001111111111110000000
00011111111111111111111111110000
00011111111111111111111111110000
00011111111111111111111111110000
00011111111111111111111111110000
00011111111111111111111111110000
00011111111110000000000111111100
00011111111110000000000111111100
00011111111110000000000111111100
00011111111110000000000111111100
00011111111110000000000111111100
00011111111110000000000111111100
00000111111111111111111111110000
00000111111111111111111111110000
00000111111111111111111111110000
00000111111111111111111111110000
00000000111111111111111000000000
00000000111111111111111000000000
00000000000001100000000000000000
00000000000001100000000000000000
