00000000000001111111111111000000
00000000000001111111111111000000
00000000000001111111111111000000
00000000000001111111111111000000
00000001111111111111000000000000
00000001111111111111000000000000
00000001111111111111000000000000
00001111111110000000000000000000
00001111111110000000000000000000
00001111111110000000000000000000
11111111110000000000000000000000
11111111110000000000000000000000
11111111110000000000000000000000
11111110000000001111000000000000
11111110000000001111000000000000
11111110000000001111000000000000
11111110001111111111111111000000
11111110001111111111111111000000
11111110001111111111111111000000
11111110001111111111111111000000
11111111111110000000000000111000
11111111111110000000000000111000
11111111111110000000000000111000
11111111111110000000000000000111
11111111111110000000000000000111
11111111111110000000000000000111
00001111111111110000000000111111
00001111111111110000000000111111
00001111111111110000000000111111
00000001111111111111111111111000
00000001111111111111111111111000
00000001111111111111111111111000
