00000000000000000011111100000000
00000000000000000011111100000000
00000000000000000011111100000000
00000000000000011111111100000000
00000000000000011111111100000000
00000000000000011111111100000000
00000000000011111100000000000000
00000000000011111100000000000000
00000000011111100000000000000000
00000000011111100000000000000000
00000000011111100000000000000000
00000011111100000000000000000000
00000011111100000000000000000000
00000011111100000000000000000000
00000011111100000011111111100011
00000011111100000011111111100011
00011111100011111111111111111111
00011111100011111111111111111111
00011111100011111111111111111111
00011111100011100000000000011111
00011111100011100000000000011111
00011111100011100000000000011111
11111111111111100000000011111100
11111111111111100000000011111100
11111111111100000000011111100000
11111111111100000000011111100000
11111111111100000000011111100000
00011111111111111111111100000000
00011111111111111111111100000000
00011111111111111111111100000000
00011111111111111100000000000000
00011111111111111100000000000000
