00000000000000000000111111000000
00000000000000000000111111000000
00000000000000000000111111000000
00000000000001111111111111000000
00000000000001111111111111000000
00000000000001111111111111000000
11110000001111111111000000000000
11110000001111111111000000000000
11110000001111111111000000000000
11110001111111110000000000000000
11110001111111110000000000000000
11110001111111110000000000000000
00001111110000000000000000000000
00001111110000000000000000000000
00001111110000000000000000000000
00001110000001111111111111111000
00001110000001111111111111111000
00001110000001111111111111111000
11110000001111110000000000111111
11110000001111110000000000111111
11110000001111110000000000111111
11110001111110000000000000111111
11110001111110000000000000111111
11110001111110000000000000111111
11110001111110000000111111111000
11110001111110000000111111111000
11110001111110000000111111111000
11111111111111111111111111000000
11111111111111111111111111000000
11111111111111111111111111000000
11111111111111111111000000000000
11111111111111111111000000000000
