00011111111111111111111100000000
00011111111111111111111100000000
00011111111111111111111100000000
11111111111111111111111111111111
11111111111111111111111111111111
11100000000111111110001111111111
11100000000111111110001111111111
00000000000111111110000000011111
00000000000111111110000000011111
00000000000111111110000000011111
00000000000111111110000000000011
00000000000111111110000000000011
00000000111111111110000000000000
00000000111111111110000000000000
00000000000111111111110000000000
00000000000111111111110000000000
00000000000111111111110000000000
00000000000111111111110000000000
00000000000111111111110000000000
00000000000111111111110000000000
00000000000111111111110000000000
00000000000111111111110000000000
00000000000111111111110000000000
00000000000111111111110000000000
00000000000111111111110000000000
00000000000111111111110000000000
00000000000111111111110000000000
00000000000111111111110000000000
00000000111111111111111100000000
00000000111111111111111100000000
00000000111111111111111100000000
00000000111111111111111100000000
