00000000000000000011111111110000
00000000000000000011111111110000
00000000000000000011111111110000
00000000000001111111111111111100
00000000000001111111111111111100
00000111111111111111000001111111
00000111111111111111000001111111
11111111111111111111000000001111
11111111111111111111000000001111
11111111111111111111000000001111
11111000000001111111000000000000
11111000000001111111000000000000
11111000000001111111000000000000
11111000000001111111000000000000
00000000000000011111000000000000
00000000000000011111000000000000
00000000000000011111111000000000
00000000000000011111111000000000
00000000000000011111111000000000
00000000000000011111111000000000
00000000000000011111111000000000
00000000000000011111111000000000
00000000000000011111111000000000
00000000000000011111111110000000
00000000000000011111111110000000
00000000000000011111111110000000
00000000000000000011111111110000
00000000000000000011111111110000
00000000000000011111111111110000
00000000000000011111111111110000
00000000000000011100000000000000
00000000000000011100000000000000
