11111111111111111111111111111111
11111111111111111111111111111111
11111111111111111111111111111111
11111111111111111111111111111111
11111111111111111111111111111111
11111111111111111111111111111111
11111111111111111111110000011111
11111111111111111111110000011111
00000000000111111111110000000000
00000000000111111111110000000000
00000000000111111111110000000000
00000000000111111111110000000000
00000000000111111111110000000000
00000000000111111111110000000000
00000000000111111111110000000000
00000000000111111111110000000000
00000000000111111111110000000000
00000000000111111111110000000000
00000000000111111111110000000000
00000000000111111111111111100000
00000000000111111111111111100000
00000000000111111111111111100000
00000000000000001111111111100000
00000000000000001111111111100000
00000000000000001111111111100000
00000000000000001111111111100000
00000000000000001111111111100000
00000000000000001111111111100000
00000000000000001111111111100000
00000000000000001111111111100000
00000000000000000000001111100000
00000000000000000000001111100000
