00000000000000000011111111111000
00000000000000000011111111111000
00000000000000000011111111111000
00000000111111111111111111111111
00000000111111111111111111111111
00000000111111111111111111111111
00001111111111111111110000000000
00001111111111111111110000000000
11111111111111111111110000000000
11111111111111111111110000000000
11111111111111111111110000000000
00000000000111111111110000000000
00000000000111111111110000000000
00000000000111111111110000000000
00000000000111111111110000000000
00000000000111111111110000000000
00000000000000011111110000000000
00000000000000011111110000000000
00000000000000011111110000000000
00000000000000011111110000000000
00000000000000011111110000000000
00000000000000011111110000000000
00000000000000011111111110000000
00000000000000011111111110000000
00000000000000011111111110000000
00000000000000011111111110000000
00000000000000011111111110000000
00000000000000011111111110000000
00000000000000011111111110000000
00000000000000011111111110000000
00000000000000000011110000000000
00000000000000000011110000000000
