00000000000000011111111111111111
00000000000000011111111111111111
00000000000000011111111111111111
11111111111111111111111111111111
11111111111111111111111111111111
11111111111111111111000000000000
11111111111111111111000000000000
11111111111111111100000000000000
11111111111111111100000000000000
11111111111111111100000000000000
00000000000111111100000000000000
00000000000111111100000000000000
00000000000111111100000000000000
00000000000111111100000000000000
00000000000111100000000000000000
00000000000111100000000000000000
00000000000111100000000000000000
00000000000111100000000000000000
00000000000111100000000000000000
00000000011111100000000000000000
00000000011111100000000000000000
00000000011111100000000000000000
00000000011111100000000000000000
00000000011111100000000000000000
00000000011111100000000000000000
00000000011111100000000000000000
00000000011110000000000000000000
00000000011110000000000000000000
00000000011110000000000000000000
00000000011110000000000000000000
00000000011110000000000000000000
00000000011110000000000000000000
