00000000000000000000000001111100
00000000000000000000000001111100
00000000000000000000000001111100
00000000000000000000111111111111
00000000000000000000111111111111
00000000000001111111111111111100
00000000000001111111111111111100
11111111111111111111111000000000
11111111111111111111111000000000
11111111111111111111111000000000
11111111111111111111000000000000
11111111111111111111000000000000
00000111111111111100000000000000
00000111111111111100000000000000
00000000000001111111000000000000
00000000000001111111000000000000
00000000000001111111000000000000
00000000000001111111000000000000
00000000000001111111000000000000
00000000000001111111000000000000
00000000000001111111000000000000
00000000000001111111000000000000
00000000000001111111000000000000
00000000000001111111000000000000
00000000000001111111000000000000
00000000000001111111000000000000
00000000000001111111000000000000
00000000000001111111000000000000
00000000000000011111000000000000
00000000000000011111000000000000
00000000000000011111000000000000
00000000000000011111000000000000
