00001111111111111100000000000000
00001111111111111100000000000000
00001111111111111100000000000000
11111111111111111111111111111111
11111111111111111111111111111111
00001111111111111111111111111111
00001111111111111111111111111111
00001111111111111111111111111111
00000000000111111111110000000111
00000000000111111111110000000111
00000000000111111111110000000000
00000000000111111111110000000000
00000000000111111111110000000000
00000000000111111111110000000000
00000000000111111111110000000000
00000000000111111111110000000000
00000000000111111111110000000000
00000000000111111111110000000000
00000000000111111111110000000000
00000000000111111111110000000000
00000000000111111111110000000000
00000000000111111111110000000000
00000000000111111111110000000000
00000000111111111100000000000000
00000000111111111100000000000000
00000000111111111100000000000000
00000000111111111100000000000000
00000000111111111100000000000000
00000000111111111100000000000000
00000000111111111100000000000000
00000000000111111100000000000000
00000000000111111100000000000000
