11111111110000000000000001111100
11111111110000000000000001111100
11111111110000000000000001111100
11111111111111111111111111111111
11111111111111111111111111111111
11111111111111111111111111111111
00000111111111111111111111111100
00000111111111111111111111111100
00000000000001111100000000000000
00000000000001111100000000000000
00000000000001111100000000000000
00000000000001111100000000000000
00000000000001111100000000000000
00000000000001111100000000000000
00000000001111100000000000000000
00000000001111100000000000000000
00000000001111100000000000000000
00000000001111100000000000000000
00000000001111100000000000000000
00000000001111100000000000000000
00000000001111100000000000000000
00000000001111100000000000000000
00000000111111100000000000000000
00000000111111100000000000000000
00000000111111100000000000000000
00000000111111100000000000000000
00000000111111100000000000000000
00000000111110000000000000000000
00000000111110000000000000000000
00000000111110000000000000000000
00000000111110000000000000000000
00000000111110000000000000000000
