00000000000000000000011111111111
00000000000000000000011111111111
00000000000000000000011111111111
00011111111111111111111111111111
00011111111111111111111111111111
00011111111111111111111111111111
11111111111111111111111111100011
11111111111111111111111111100011
00011111111111111111111100000000
00011111111111111111111100000000
00011111111111111111111100000000
00000000000000011111100000000000
00000000000000011111100000000000
00000000000000011111100000000000
00000000000000011111100000000000
00000000000000011111100000000000
00000000000011111111100000000000
00000000000011111111100000000000
00000000000011111111100000000000
00000000000011111111100000000000
00000000000011111111100000000000
00000000000011111111100000000000
00000000000011111100000000000000
00000000000011111100000000000000
00000000011111111100000000000000
00000000011111111100000000000000
00000000011111111100000000000000
00000000011111111100000000000000
00000000011111111100000000000000
00000000011111111100000000000000
00000000011111111100000000000000
00000000011111111100000000000000
