00000000000000000000000011100000
00000000000000000000000011100000
00000000000000000000000011100000
11111111111111111111111111111100
11111111111111111111111111111100
11111111111111111111110000011111
11111111111111111111110000011111
11100000000111111111110000000000
11100000000111111111110000000000
11100000000111111111110000000000
00000000000000111111110000000000
00000000000000111111110000000000
00000000000000111111110000000000
00000000000000111111110000000000
00000000000000111111110000000000
00000000000000111111110000000000
00000000000000111111111100000000
00000000000000111111111100000000
00000000000000111111111100000000
00000000000000111111111100000000
00000000000000111111111100000000
00000000000000001111111100000000
00000000000000001111111100000000
00000000000000001111111100000000
00000000000000001111111100000000
00000000000000001111111100000000
00000000000000001111111111100000
00000000000000001111111111100000
00000000000000001111111111111100
00000000000000001111111111111100
00000000000000111111111111111100
00000000000000111111111111111100
