11111111111111111111111111111000
11111111111111111111111111111000
11111111111111111111111111111000
11111111111111111111111111111111
11111111111111111111111111111111
11111111111111111111111111111000
11111111111111111111111111111000
00000000000111111111110000000000
00000000000111111111110000000000
00000000000111111111110000000000
00000000000111111111110000000000
00000000000111111111110000000000
00000000000111111111110000000000
00000000000111111111110000000000
00000000000111111111110000000000
00000000000111111111110000000000
00000000000000011111110000000000
00000000000000011111110000000000
00000000000000011111110000000000
00000000000000011111111110000000
00000000000000011111111110000000
00000000000000011111111110000000
00000000000000011111111110000000
00000000000000011111111110000000
00000000000000011111111110000000
00000000000000011111111110000000
00000000000000011111111110000000
00000000000000011111111110000000
00000000000000011111111110000000
00000000000000011111111110000000
00000000000000000011111110000000
00000000000000000011111110000000
