11111111100000000000000000011111
11111111100000000000000000011111
11111111100000000000000000011111
00011111100000000000000011111111
00011111100000000000000011111111
00011111111100000000011111111111
00011111111100000000011111111111
00011111111100000000011111111111
00011111111100000000011111111100
00011111111100000000011111111100
00000011111100000011111111100000
00000011111100000011111111100000
00000011111100000011111111100000
00000011111111111111111100000000
00000011111111111111111100000000
00000000011111111111100000000000
00000000011111111111100000000000
00000000011111111111100000000000
00000000011111111100000000000000
00000000011111111100000000000000
00000000011111100000000000000000
00000000011111100000000000000000
00000000011111100000000000000000
00000000011111100000000000000000
00000000011111100000000000000000
00000011111111100000000000000000
00000011111111100000000000000000
00000011111111100000000000000000
00000011111100000000000000000000
00000011111100000000000000000000
00000011111100000000000000000000
00000011111100000000000000000000
