11100000000000000000000000000000
11100000000000000000000000000000
11100000000000000000000000000000
11111100000000000000000000000000
11111100000000000000000000000000
00011111100000000000000000000000
00011111100000000000000000000000
00011111100000000000000000000000
00011111111100000000000000011111
00011111111100000000000000011111
00000011111100000000011111111111
00000011111100000000011111111111
00000011111100000000011111111111
00000000011111111111111111111100
00000000011111111111111111111100
00000000011111111111111111100000
00000000011111111111111111100000
00000000011111111111111111100000
00000000011111111111100000000000
00000000011111111111100000000000
00000000000011111100000000000000
00000000000011111100000000000000
00000000000011111100000000000000
00000000011111111100000000000000
00000000011111111100000000000000
00000000011111111100000000000000
00000000011111111100000000000000
00000000011111111100000000000000
00000000011111100000000000000000
00000000011111100000000000000000
00000000011111100000000000000000
00000000011111100000000000000000
