11111111000000000000000000000000
11111111000000000000000000000000
11111111000000000000000000000000
11111111111111111111000000000000
11111111111111111111000000000000
11110000000011111111111111111111
11110000000011111111111111111111
11110000000011111111111111111111
00000000000000001111111111111111
00000000000000001111111111111111
00000000000000001111111100000000
00000000000000001111111100000000
00000000000000001111111100000000
00000000000000001111111100000000
00000000000000001111111100000000
00000000000000001111111100000000
00000000000000001111111100000000
00000000000000001111111100000000
00000000000011111111111100000000
00000000000011111111111100000000
00000000000011111111111100000000
00000000000011111111111100000000
00000000000011111111111100000000
00000000000011111111111100000000
00000000000011111111111100000000
00000000000011111111111100000000
00000000000011111111111100000000
00000000000011111111111100000000
00000000111111111111000000000000
00000000111111111111000000000000
00000000000011111111111100000000
00000000000011111111111100000000
