11110001110000000000000111111111
11110001110000000000000111111111
11110001110000000000000111111111
11111111110000000000000111111111
11111111110000000000000111111111
00001111111110000000000111111000
00001111111110000000000111111000
00001111111110000000000111111000
00001111111111110000000111111000
00001111111111110000000111111000
00000001111111110000000111111000
00000001111111110000000111111000
00000001111111110000000111111000
00000000001111111111111111000000
00000000001111111111111111000000
00000000000001111111111111000000
00000000000001111111111111000000
00000000000001111111111111000000
00000000000000001111111111000000
00000000000000001111111111000000
00000000000000001111111111000000
00000000000000001111111111000000
00000000000000001111111111000000
00000000000000000000111111000000
00000000000000000000111111000000
00000000000000000000111111111000
00000000000000000000111111111000
00000000000000000000111111111000
00000000000000001111111111111111
00000000000000001111111111111111
00000000000000001111111111111000
00000000000000001111111111111000
