00000111111111111111111111110000
00000111111111111111111111110000
00000111111111111111111111110000
11111111111111111111111111110000
11111111111111111111111111110000
11111111111111111111111111110000
11111111111111111111111111110000
11111111111111111111111111110000
11111000000000000001111111110000
11111000000000000001111111110000
11111000000000000001111111110000
00000000000000111111111000000000
00000000000000111111111000000000
00000000000000111111111000000000
00000000000000111111111000000000
00000000000000111111111000000000
00000000000000111111111000000000
00000000000000111111111000000000
00000000000000111111111000000000
00000000000000111111111000000000
00000000000000111111111000000000
00000000000000111111111000000000
00000000000000111111111000000000
00000000000000111111111000000000
00000000000000111111111000000000
00000000000000111111111000000000
00000000000000111111111000000000
00000000000000111111111000000000
00000000000000111111111000000000
00000000000000111111111000000000
00000000000000000001111000000000
00000000000000000001111000000000
