00000000001111111111111111110000
00000000001111111111111111110000
00000000001111111111111111110000
00000001111111111111111111111100
00000001111111111111111111111100
00000001111111111111111111111100
00000001111111110000011111111100
00000001111111110000011111111100
00000001111111000000000111111100
00000001111111000000000111111100
00000001111111000000000111111100
00000000001111110000011111111100
00000000001111110000011111111100
00000000001111110000011111111100
00000000001111111111111111110000
00000000001111111111111111110000
00000111111111111111111000000000
00000111111111111111111000000000
00000111111111111111111000000000
00011111111111001111111000000000
00011111111111001111111000000000
00011111111111001111111000000000
00011111110000000001111111000000
00011111110000000001111111000000
00000111110000000001111111000000
00000111110000000001111111000000
00000111110000000001111111000000
00000111111111111111111111000000
00000111111111111111111111000000
00000111111111111111111111000000
00000000001111111111111000000000
00000000001111111111111000000000
