00000000111111111111111111110000
00000000111111111111111111110000
00000000111111111111111111110000
00000000111111110000111111111111
00000000111111110000111111111111
00000000111111110000111111111111
00001111111111110000000011111111
00001111111111110000000011111111
00001111111111110000000011111111
00001111111111111111111111111111
00001111111111111111111111111111
00001111111111111111111111111111
00000000111111111111111111111111
00000000111111111111111111111111
00000000111111111111111111111111
00001111111111111111111111111111
00001111111111111111111111111111
00001111111111111111111111111111
11111111111111110000111111111111
11111111111111110000111111111111
11111111111111110000111111111111
11111111111100000000000011111111
11111111111100000000000011111111
11111111111100000000000011111111
11111111111100000000000011111111
11111111111100000000000011111111
11111111111100000000000011111111
11111111111111111111111111111111
11111111111111111111111111111111
11111111111111111111111111111111
00001111111111111111111100000000
00001111111111111111111100000000
