00000111111111111111111111110000
00000111111111111111111111110000
00000111111111111111111111110000
11111111111111000001111111111111
11111111111111000001111111111111
11111111111111000001111111111111
11111111110000000001111111111111
11111111110000000001111111111111
11111111110000000001111111111111
11111111111111000001111111110000
11111111111111000001111111110000
11111111111111000001111111110000
11111111111111111111111111111111
11111111111111111111111111111111
11111111111111111111111111111111
00000111111111111111111111111111
00000111111111111111111111111111
00000111111111111111111111111111
00000111111111111111111111111111
00000111111111111111111111111111
00000111111111111111111111111111
11111111111111000000000000001111
11111111111111000000000000001111
11111111111111000000000000001111
11111111111111000000000000001111
11111111111111000000000000001111
11111111111111000000000000001111
00000111111111111110000111111111
00000111111111111110000111111111
00000111111111111110000111111111
00000111111111111111111111110000
00000111111111111111111111110000
