00000000000000000000000000111111
00000000000000000000000000111111
00000000000000000000000000111111
00000000000001111111111111111111
00000000000001111111111111111111
00000000000001111111111111111111
00000001111111111111111111111111
00000001111111111111111111111111
00000001111111111111111111111111
00001111111111110000111111111111
00001111111111110000111111111111
00001111111111110000111111111111
11111111111110000000000111111111
11111111111110000000000111111111
11111111111110000000000111111111
11111111110000000000000111111111
11111111110000000000000111111111
11111111110000000000000111111111
11111111110000000000000111111111
11111111110000000000000111111111
11111111110000000000000111111111
11111111110000000000000111111111
11111111110000000000000111111111
11111111110000000000000111111111
11111111111111111111111111111111
11111111111111111111111111111111
11111111111111111111111111111111
00001111111111111111111111111111
00001111111111111111111111111111
00001111111111111111111111111111
00000001111111110000000000000000
00000001111111110000000000000000
