00000000000000000000000000011111
00000000000000000000000000011111
00000000000000000000000000011111
00000000000000000000000000011111
00000000000000000000001111111111
00000000000000000000001111111111
00000000000000000000001111111111
00000000000111111111111111111111
00000000000111111111111111111111
00000000000111111111111111111111
00000011111111111111111111111111
00000011111111111111111111111111
00000011111111111111111111111111
11111111111111110000001111111111
11111111111111110000001111111111
11111111111111110000001111111111
11111111111111110000001111111111
11111111111111110000001111111111
11111111111111110000001111111111
11111111111111110000001111111111
11111111111111110000001111111111
11111111111111110000001111111111
11111111111111110000001111111111
11111111111111111111111111111111
11111111111111111111111111111111
11111111111111111111111111111111
11111111111111111111111111111111
11111111111111111111111111111111
11111111111111111111111111111111
00000011111111111111111111111111
00000011111111111111111111111111
00000011111111111111111111111111
