00001111000000000000000000000000
00001111000000000000000000000000
00001111000000000000000000000000
11111111111100000000000000000000
11111111111100000000000000000000
11111111111100000000000000000000
11111111111100000000000000000000
11111111111100000000000000000000
11111111111100000000000000000000
11111111111100000000000000000000
11111111111100000000000000000000
11111111111100000000000000000000
11111111111111111111111111111111
11111111111111111111111111111111
11111111111111111111111111111111
11111111111111111111111111111111
11111111111100000000000011111111
11111111111100000000000011111111
11111111111100000000000011111111
11111111111100000000000000001111
11111111111100000000000000001111
11111111111100000000000011111111
11111111111100000000000011111111
11111111111100000000000011111111
11111111111100000000000011111111
11111111111100000000000011111111
11111111111100000000111111111111
11111111111100000000111111111111
11111111111111111111111111111111
11111111111111111111111111111111
00001111111111111111111100000000
00001111111111111111111100000000
