11111111111000000000000000000000
11111111111000000000000000000000
11111111111000000000000000000000
11111111111000000000000000000000
11111111111000000000000000000000
11111111111000000000000000000000
11111111111000011111111110000000
11111111111000011111111110000000
11111111111000011111111110000000
11111111111111111111111111111111
11111111111111111111111111111111
11111111111111111111111111111111
00001111111111111111111111111111
00001111111111111111111111111111
00001111111111111111111111111111
00001111111000000000000001111111
00001111111000000000000001111111
00001111111000000000000001111111
00001111111000000000000001111111
00001111111000000000000001111111
00001111111000000000000001111111
00001111111111100000000001111111
00001111111111100000000001111111
00001111111111100000000001111111
00001111111111111111111111111111
00001111111111111111111111111111
00001111111111111111111111111111
00001111111111111111111111111000
00001111111111111111111111111000
00001111111111111111111111111000
00001111111000011111110000000000
00001111111000011111110000000000
