00000000000000000000000000001111
00000000000000000000000000001111
00000000000000000000000000001111
00001111111111110000000000001111
00001111111111110000000000001111
11111111111111110000000000001111
11111111111111110000000000001111
11111111111111110000000000001111
11111111111111110000000000001111
11111111111111110000111111111111
11111111111111110000111111111111
11111111111111111111111111111111
11111111111111111111111111111111
11111111111111110000000011111111
11111111111111110000000011111111
11111111111111110000000011111111
11111111111111110000000011111111
11111111111111110000000011111111
11111111111111110000000000001111
11111111111111110000000000001111
11111111111111110000000011111111
11111111111111110000000011111111
11111111111100000000000011111111
11111111111100000000000011111111
11111111111100000000000011111111
11111111111100000000000011111111
11111111111111110000000011111111
11111111111111110000000011111111
11111111111111111111111111110000
11111111111111111111111111110000
11111111111111111111000000000000
11111111111111111111000000000000
