11111111110000000000000000000000
11111111110000000000000000000000
11111111110000000000000000000000
11111111110000000000000000000000
11111111110000000000000000000000
11111111110000000000000000000000
11111111110000000000000000000000
11111111110000000000000000000000
11111111111111111111111111111111
11111111111111111111111111111111
11111111111111111111111111111111
11111111111111111111111111111111
11111111111111111111111111111111
11111111111111111111111111111111
11111111111111000000000111111111
11111111111111000000000111111111
11111111110000000000000000001111
11111111110000000000000000001111
11111111110000000000000000001111
11111111110000000000000000001111
11111111110000000000000000001111
11111111110000000000000000001111
11111111110000000000000111111111
11111111110000000000000111111111
11111111111111111111111111111111
11111111111111111111111111111111
11111111111111111111111111111111
11111111111111111111111111111111
11111111111111111111111111111111
11111111111111111111111111111111
11111000000000000000000000000000
11111000000000000000000000000000
