00000111111111000000000000000000
00000111111111000000000000000000
00000111111111000000000000000000
00000111111111000000000000000000
00000111111111000000000000000000
00000111111111000000000000000000
00000111111111000000000000000000
00000111110000000000000000000000
00000111110000000000000000000000
00000111110000000000000000000000
11111111110000000001111111111111
11111111110000000001111111111111
11111111110000111111111111111111
11111111110000111111111111111111
11111111111111111111111111111111
11111111111111111111111111111111
11111111111111000000000111111111
11111111111111000000000111111111
11111111111111000000000111111111
11111111111111000001111111111111
11111111111111000001111111111111
11111111110000000001111111111111
11111111110000000001111111111111
11111111110000111111111111110000
11111111110000111111111111110000
11111111110000111111111111110000
11111000001111111111111111111111
11111000001111111111111111111111
11111111111111111111111111111111
11111111111111111111111111111111
11111111111111000001111111110000
11111111111111000001111111110000
