11111111000000000000000000000000
11111111000000000000000000000000
11111111000000000000000000000000
11111111000000000000000000000000
11111111000000000000000000000000
11111111000000000000000000000000
11111111000000000000000000000000
11111111111000000000000000000000
11111111111000000000000000000000
11111111111000000000000000000000
11111111111000011111110000000000
11111111111000011111110000000000
11111111111111111111111111111000
11111111111111111111111111111000
11111111111111111111111111111111
11111111111111111111111111111111
11111111111000000000001111111111
11111111111000000000001111111111
11111111111000000000001111111111
00001111111000000000000001111111
00001111111000000000000001111111
00001111111000000000000001111111
00001111111000000000000001111111
00001111111000000000000001111111
00001111111000000000000001111111
00001111111000000000000001111111
00001111111111111111111111111111
00001111111111111111111111111111
00001111111111111111111111111000
00001111111111111111111111111000
00000000111111111111111110000000
00000000111111111111111110000000
