11111111000000000000000000000000
11111111000000000000000000000000
11111111000000000000000000000000
11111111000000001111111100000000
11111111000000001111111100000000
11111111000000001111111100000000
11111111111111111111111111110000
11111111111111111111111111110000
11111111111111111111111111110000
11111111111111111111111111111111
11111111111111111111111111111111
11111111111111111111111111111111
11111111111100000000111111111111
11111111111100000000111111111111
11111111111100000000111111111111
11111111111100000000000011111111
11111111111100000000000011111111
11111111111100000000000011111111
11111111111100000000000011111111
11111111111100000000000011111111
11111111111100000000000011111111
11111111111100000000111111111111
11111111111100000000111111111111
11111111111100000000111111111111
11111111111111111111111111110000
11111111111111111111111111110000
11111111111111111111111111110000
11111111111111111111111100000000
11111111111111111111111100000000
11111111111111111111111100000000
11111111111111111111000000000000
11111111111111111111000000000000
