11111000000000000000000000000000
11111000000000000000000000000000
11111000000000000000000000000000
11111111110000000000000000000000
11111111110000000000000000000000
11111111110000000000000000000000
11111111110000000000000000000000
11111111110000000000000000000000
11111111111111111111111111110000
11111111111111111111111111110000
11111111111111111111111111110000
11111111111111111111111111111111
11111111111111111111111111111111
11111111111111111111111111111111
11111111111111000001111111111111
11111111111111000001111111111111
11111111110000000001111111111111
11111111110000000001111111111111
11111111110000000001111111111111
11111111110000000000000111111111
11111111110000000000000111111111
11111111110000000000000111111111
11111111110000000001111111111111
11111111110000000001111111111111
11111111111111111111111111111111
11111111111111111111111111111111
11111111111111111111111111111111
11111111111111111111111111110000
11111111111111111111111111110000
11111111111111111111111111110000
11111111111111111110000000000000
11111111111111111110000000000000
