00000000000001111111111111111100
00000000000001111111111111111100
00000000000001111111111111111100
00000000001111111111000111111111
00000000001111111111000111111111
00000000111111100000000000001111
00000000111111100000000000001111
00000000111111100000000000001111
00000111111110000000000000001111
00000111111110000000000000001111
00011111111110000000000000000000
00011111111110000000000000000000
00011111111110000000000000000000
00011111110000000000000000000000
00011111110000000000000000000000
00011111110000000000000000000000
00011111110000000000000000000000
00011111110000000000000000000000
00011111110000000000000000000000
00011111110000000000000000000000
00011111110000000000000000000000
00011111110000000000000000000000
00011111110000000000000000000000
00011111111110000000000000000000
00011111111110000000000000000000
00011111111111100000000001111100
00011111111111100000000001111100
00011111111111100000000001111100
00000111111111111111111111111100
00000111111111111111111111111100
00000000111111111111111110000000
00000000111111111111111110000000
