00000000000011111111111111100000
00000000000011111111111111100000
00000000000011111111111111100000
00000011111111111100000011111111
00000011111111111100000011111111
00011111111111100000000000011111
00011111111111100000000000011111
00011111111111100000000000011111
00011111111100000000000000000011
00011111111100000000000000000011
11111111100000000000000000000011
11111111100000000000000000000011
11111111100000000000000000000011
11111111100000000000000000000000
11111111100000000000000000000000
11111111100000000000000000000000
11111111100000000000000000000000
11111111100000000000000000000000
11111111100000000000000000000000
11111111100000000000000000000000
11111111100000000000000000000000
11111111100000000000000000000000
11111111100000000000000000000000
11111111111100000000000000000000
11111111111100000000000000000000
11111111111111100000000000000000
11111111111111100000000000000000
11111111111111100000000000000000
00011111111111111111100011111111
00011111111111111111100011111111
00000000011111111111111111111100
00000000011111111111111111111100
