00000000000000001111000000000000
00000000000000001111000000000000
00000000000000001111000000000000
00000001111111111111111111000000
00000001111111111111111111000000
00000001111111111111111111000000
00001111111111111111111111000000
00001111111111111111111111000000
00001111110000000000000000000000
00001111110000000000000000000000
00001111110000000000000000000000
00001111110000000000000000000000
00001111110000000000000000000000
00001111110000000000000000000000
00001111110000000000000000000000
00001111110000000000000000000000
00001111110000000000000000000000
00001111110000000000000000000000
00001111110000000000000000000000
00001111110000000000000000000000
00001111110000000000000000000000
00001111110000000000000000000000
00001111111110000000000000000000
00001111111110000000000000000000
00001111111111110000000000111000
00001111111111110000000000111000
00001111111111110000000000111000
00000001111111111111111111111000
00000001111111111111111111111000
00000001111111111111111111111000
00000000001111111111111111111000
00000000001111111111111111111000
