00000000000011111111111100000000
00000000000011111111111100000000
00000000000011111111111100000000
00000011111111111111111100000000
00000011111111111111111100000000
00011111111111111111111100000000
00011111111111111111111100000000
11111111111100000000000000000000
11111111111100000000000000000000
11111111111100000000000000000000
11111111100000000000000000000000
11111111100000000000000000000000
11111100000000000000000000000000
11111100000000000000000000000000
11111100000000000000000000000000
11111100000000000000000000000000
11111100000000000000000000000000
11111100000000000000000000000000
11111100000000000000000000000000
11111100000000000000000000000000
11111100000000000000000000000000
11111111100000000000000000000000
11111111100000000000000000000000
11111111111100011111111111111111
11111111111100011111111111111111
11111111111100011111111111111111
11111111111111111111111111111111
11111111111111111111111111111111
00011111111111111111111100000000
00011111111111111111111100000000
00000011111111111100000000000000
00000011111111111100000000000000
