00000011111111111111100000000000
00000011111111111111100000000000
00000011111111111111100000000000
00011111111111111111111111100000
00011111111111111111111111100000
00011111111111111111111111100000
11111111111111111111111111111100
11111111111111111111111111111100
11111111100000000000011111111100
11111111100000000000011111111100
11111111100000000000011111111100
11111100000000000000000011111111
11111100000000000000000011111111
11111100000000000000000011111111
11111100000000000000000000011111
11111100000000000000000000011111
11111100000000000000000000000000
11111100000000000000000000000000
11111100000000000000000000000000
11111111100000000000000000000000
11111111100000000000000000000000
11111111100000000000000000000000
11111111111100000000011111100000
11111111111100000000011111100000
00011111111111111111111111111111
00011111111111111111111111111111
00011111111111111111111111111111
00000011111111111111111111111111
00000011111111111111111111111111
00000011111111111111111111111111
00000000000000011111111100000011
00000000000000011111111100000011
