00000000000001111111111111111000
00000000000001111111111111111000
00000000000001111111111111111000
00000001111111111111111111000000
00000001111111111111111111000000
00000001111111111111111111000000
00001111111111110000000000000000
00001111111111110000000000000000
00001111110000000000000000000000
00001111110000000000000000000000
00001111110000000000000000000000
11111111110000000000000000000000
11111111110000000000000000000000
11111111110000000000000000000000
11111111110000000000000000000000
11111111110000000000000000000000
11111111110000000000000000000000
11111111110000000000000000000000
11111111110000000000000000000000
00001111110000000000000000000000
00001111110000000000000000000000
00001111110000000000000000000000
00001111110000000000000000000111
00001111110000000000000000000111
00001111111110000000000111111111
00001111111110000000000111111111
00001111111110000000000111111111
00000001111111111111111111111000
00000001111111111111111111111000
00000001111111111111111111111000
00000000001111111111111111000000
00000000001111111111111111000000
