00000000000000000000000111110000
00000000000000000000000111110000
00000000000000000000000111110000
00000000001111111111111111110000
00000000001111111111111111110000
00000111111111100000000111110000
00000111111111100000000111110000
00000111111111100000000111110000
00011111110000000000000001110000
00011111110000000000000001110000
00011111110000000000000000000000
00011111110000000000000000000000
00011111110000000000000000000000
11111111000000000000000000000000
11111111000000000000000000000000
11111111000000000000000000000000
11111111000000000000000000000000
11111111000000000000000000000000
11111111000000000000000000000000
11111111000000000000000000000000
11111111000000000000000000000000
11111111000000000000000000000000
11111111000000000000000000000000
00011111110000000000000000001100
00011111110000000000000000001100
00011111110000000000000001111100
00011111110000000000000001111100
00011111110000000000000001111100
00000111111111100000111110000000
00000111111111100000111110000000
00000000111111111111111000000000
00000000111111111111111000000000
