00000000000000000000000011111111
00000000000000000000000011111111
00000000000000000001111111111111
00000000000000000001111111111111
00000000000000001111111111111111
00000000000000001111111111111111
00000000000000111111110000011111
00000000000000111111110000011111
00000000000111111110000000011111
00000000000111111110000000011111
00000000111111110000000000000011
00000000111111110000000000000011
00000011111111000000000000000000
00000011111111000000000000000000
00000011111111000000000000000000
00000011111111000000000000000000
00011111111000000000000000000000
00011111000000000000000000000000
00011111000000000000000000000000
11111111000000000000000000000000
11111111000000000000000000000000
11111111000000000000000000000000
11111111000000000000000000000000
11111100000000000000000011111100
11111100000000000000000011111100
11111111000000000001111111111100
11111111000000000001111111111100
11111111111000111111111111100000
11111111111000111111111111100000
00011111111111111111110000000000
00011111111111111111110000000000
00011111111111110000000000000000
