00000000000111111111111100000000
00000000000111111111111100000000
00000000000111111111111100000000
00000011111111111111111100000000
00000011111111111111111100000000
00000011111111111111111100000000
00011111111000000000001100000000
00011111111000000000001100000000
00011111111000000000001100000000
00011111000000000000000000000000
00011111000000000000000000000000
00011111000000000000000000000000
11111111000000000000000000000000
11111111000000000000000000000000
11111111000000000000000000000000
11111111000000000000000000000000
11111111000000000000000000000000
11111111000000000000000000000000
00011111000000000000000000000000
00011111000000000000000000000000
00011111000000000000000000000000
00011111000000000000000000011100
00011111000000000000000000011100
00011111000000000000000000011100
00011111111000000000000011111100
00011111111000000000000011111100
00011111111000000000000011111100
00000011111111110000001111100000
00000011111111110000001111100000
00000011111111110000001111100000
00000000111111111111111100000000
00000000111111111111111100000000
