11111111111111111111110000000000
11111111111111111111110000000000
11111111111111111111110000000000
11111111111111111111110000000000
11111111111111111111111111111111
11111111111111111111111111111111
11111111111111111111111111111111
11111111111111111111111111111111
11111111111111111111111111111111
11111111111111111111111111111111
11111111111111111111111111111111
11111100000000000000001111111111
11111100000000000000001111111111
11111100000000000000001111111111
11111100000000000000001111111111
11111100000000000000000000000000
11111100000000000000000000000000
11111100000000000000000000000000
11111100000000000000000000011111
11111100000000000000000000011111
11111100000000000000000000011111
11111100000000000000000000011111
11111111111111111111111111111111
11111111111111111111111111111111
11111111111111111111111111111111
11111111111111111111111111111111
11111111111111111111111111111111
11111111111111111111111111111111
11111111111111111111111111111111
00000000000111111111111111100000
00000000000111111111111111100000
00000000000111111111111111100000
